0.944692 1039 0.400325
0.944692 1038 0.400449
0.944692 1037 0.400543
0.944692 1036 0.401449
0.944692 1035 0.402078
0.944692 1034 0.402261
0.944692 1033 0.402912
0.944692 1032 0.403147
0.944692 1031 0.403359
0.944692 1030 0.403492
0.944692 1029 0.404053
0.944498 1029 0.404406
0.944498 1028 0.404949
0.944498 1027 0.40513
0.944498 1026 0.405517
0.944498 1025 0.405825
0.944305 1025 0.406295
0.944305 1024 0.406915
0.944305 1023 0.407139
0.944305 1022 0.407154
0.944305 1021 0.40717
0.944305 1020 0.407436
0.944305 1019 0.407699
0.944305 1018 0.407843
0.944305 1017 0.408154
0.944305 1016 0.408614
0.944305 1015 0.408802
0.944305 1014 0.409053
0.944305 1013 0.409144
0.944305 1012 0.409183
0.944305 1011 0.409354
0.944305 1010 0.40984
0.944305 1009 0.410019
0.944305 1008 0.41041
0.944305 1007 0.410435
0.944111 1007 0.411125
0.944111 1006 0.412443
0.944111 1005 0.412483
0.944111 1004 0.412532
0.944111 1003 0.412728
0.944111 1002 0.413308
0.944111 1001 0.413872
0.944111 1000 0.414093
0.944111 999 0.414319
0.944111 998 0.414347
0.944111 997 0.415482
0.944111 996 0.415804
0.944111 995 0.415936
0.944111 994 0.416059
0.943918 994 0.416371
0.943918 993 0.416427
0.943918 992 0.417393
0.943918 991 0.417556
0.943918 990 0.417767
0.943918 989 0.418366
0.943725 989 0.418764
0.943725 988 0.418773
0.943725 987 0.418786
0.943531 987 0.418854
0.943531 986 0.41936
0.943531 985 0.419485
0.943531 984 0.419639
0.943531 983 0.42055
0.943531 982 0.421238
0.943531 981 0.421456
0.943531 980 0.421498
0.943531 979 0.423288
0.943531 978 0.423847
0.943531 977 0.423998
0.943531 976 0.424047
0.943531 975 0.42419
0.943338 975 0.424404
0.943338 974 0.42466
0.943338 973 0.425822
0.943338 972 0.425865
0.943338 971 0.42677
0.943338 970 0.426813
0.943144 970 0.427412
0.943144 969 0.427451
0.943144 968 0.427622
0.943144 967 0.427839
0.943144 966 0.428112
0.943144 965 0.428275
0.943144 964 0.428302
0.943144 963 0.429096
0.943144 962 0.429269
0.943144 961 0.429384
0.943144 960 0.429988
0.943144 959 0.430107
0.943144 958 0.430787
0.943144 957 0.431022
0.943144 956 0.431356
0.943144 955 0.431843
0.943144 954 0.433045
0.943144 953 0.433107
0.943144 952 0.433577
0.943144 951 0.433776
0.943144 950 0.43413
0.943144 949 0.434131
0.943144 948 0.434575
0.943144 947 0.434767
0.943144 946 0.434959
0.943144 945 0.435149
0.943144 944 0.435158
0.943144 943 0.435418
0.943144 942 0.435569
0.943144 941 0.436142
0.942951 941 0.436866
0.942951 940 0.437197
0.942951 939 0.437231
0.942951 938 0.437404
0.942951 937 0.437583
0.942951 935 0.43796
0.942758 935 0.437969
0.942758 934 0.438536
0.942758 933 0.438556
0.942758 932 0.438643
0.942758 931 0.438816
0.942758 930 0.439195
0.942758 929 0.439354
0.942758 928 0.439454
0.942758 927 0.439671
0.942758 926 0.439702
0.942758 925 0.440033
0.942758 924 0.440529
0.942758 923 0.440556
0.942758 922 0.440669
0.942758 921 0.440699
0.942758 920 0.440867
0.942758 919 0.440935
0.942758 918 0.441061
0.942758 917 0.442289
0.942758 916 0.44241
0.942758 915 0.442628
0.942758 914 0.442769
0.942758 913 0.442981
0.942758 912 0.443585
0.942758 911 0.444188
0.942758 910 0.44448
0.942758 909 0.444594
0.942758 908 0.444605
0.942758 907 0.444668
0.942564 907 0.4447
0.942564 906 0.445036
0.942564 905 0.445352
0.942564 904 0.446515
0.942564 903 0.446938
0.942371 903 0.447037
0.942371 902 0.447147
0.942371 901 0.447499
0.942371 900 0.447978
0.942371 899 0.448367
0.942371 898 0.449132
0.942371 897 0.449168
0.942371 896 0.449688
0.942178 896 0.450147
0.942178 895 0.450651
0.942178 894 0.451148
0.942178 893 0.451476
0.942178 892 0.451477
0.942178 891 0.451573
0.942178 890 0.451624
0.941984 890 0.452119
0.941984 889 0.452407
0.941984 888 0.453383
0.941984 887 0.453396
0.941984 886 0.453489
0.941791 886 0.454404
0.941791 885 0.454722
0.941791 884 0.455829
0.941791 883 0.456039
0.941791 882 0.456257
0.941791 881 0.45657
0.941791 880 0.456598
0.941791 879 0.457837
0.941791 878 0.457881
0.941791 877 0.458005
0.941791 876 0.458793
0.941791 875 0.458814
0.941791 874 0.45914
0.941597 874 0.459225
0.941597 873 0.459408
0.941597 872 0.459423
0.941597 871 0.460679
0.941597 870 0.461042
0.941597 869 0.461108
0.941597 868 0.461412
0.941597 867 0.461564
0.941597 866 0.462321
0.941597 865 0.462485
0.941597 864 0.46252
0.941597 863 0.463158
0.941597 862 0.46377
0.941597 861 0.46392
0.941597 860 0.463969
0.941597 859 0.464723
0.941404 859 0.465281
0.941404 858 0.465717
0.941404 857 0.466046
0.941404 856 0.466754
0.941404 855 0.467964
0.941211 855 0.468222
0.941211 854 0.468802
0.941211 853 0.469275
0.941211 852 0.469473
0.941211 851 0.46992
0.941211 850 0.469923
0.941211 849 0.470047
0.941211 848 0.47087
0.941211 847 0.472244
0.941211 846 0.472417
0.941211 845 0.472786
0.941211 844 0.472831
0.941211 843 0.473642
0.941211 842 0.473949
0.941211 841 0.47427
0.941211 840 0.474516
0.941211 839 0.475174
0.941211 838 0.475295
0.941211 837 0.475419
0.941211 836 0.475529
0.941211 835 0.476405
0.941211 834 0.476428
0.941211 833 0.477035
0.941211 832 0.477044
0.941017 832 0.477078
0.941017 831 0.477745
0.941017 830 0.478953
0.941017 829 0.480168
0.941017 828 0.480357
0.941017 827 0.481268
0.941017 826 0.481281
0.941017 825 0.481342
0.941017 824 0.481958
0.941017 823 0.482816
0.941017 822 0.483251
0.941017 821 0.484187
0.941017 820 0.484369
0.941017 819 0.48508
0.941017 818 0.485492
0.941017 817 0.485564
0.941017 816 0.485758
0.941017 815 0.485791
0.941017 814 0.486574
0.941017 813 0.486762
0.941017 812 0.48689
0.941017 811 0.487072
0.941017 810 0.487614
0.941017 809 0.487953
0.941017 808 0.488236
0.941017 807 0.488375
0.941017 806 0.488562
0.941017 805 0.489059
0.941017 804 0.489435
0.941017 803 0.490112
0.941017 802 0.490124
0.941017 801 0.490644
0.941017 800 0.491184
0.941017 799 0.491774
0.941017 798 0.493152
0.941017 797 0.493227
0.941017 796 0.493265
0.941017 795 0.494116
0.941017 794 0.494547
0.941017 793 0.494593
0.940824 793 0.494719
0.940824 792 0.494884
0.940824 791 0.49505
0.940824 790 0.497195
0.940824 789 0.497255
0.940824 788 0.49729
0.940824 787 0.497518
0.940824 786 0.497723
0.940824 785 0.497783
0.940824 784 0.498216
0.940824 783 0.498381
0.940824 782 0.498396
0.94063 782 0.498473
0.94063 781 0.498483
0.94063 780 0.49974
0.94063 779 0.499954
0.94063 778 0.500037
0.94063 777 0.500105
0.94063 776 0.500141
0.94063 775 0.50015
0.94063 774 0.501229
0.940437 774 0.501662
0.940437 773 0.501945
0.940244 773 0.501947
0.940244 772 0.502025
0.940244 771 0.502641
0.940244 770 0.502685
0.940244 769 0.503171
0.940244 768 0.503332
0.940244 767 0.503464
0.940244 766 0.50369
0.940244 765 0.503839
0.940244 764 0.503866
0.940244 763 0.504803
0.940244 762 0.505364
0.940244 761 0.505839
0.940244 760 0.505983
0.940244 759 0.506012
0.940244 758 0.506961
0.940244 757 0.507469
0.940244 756 0.507843
0.940244 755 0.508874
0.940244 754 0.509599
0.940244 753 0.511514
0.940244 752 0.511539
0.940244 751 0.511661
0.940244 750 0.512025
0.940244 749 0.512348
0.940244 748 0.512651
0.940244 747 0.512927
0.940244 746 0.51373
0.940244 745 0.513848
0.940244 744 0.514144
0.94005 744 0.515023
0.94005 743 0.515115
0.94005 742 0.515818
0.94005 741 0.515977
0.94005 740 0.516094
0.94005 739 0.51649
0.94005 738 0.517115
0.94005 737 0.517189
0.939857 737 0.518246
0.939664 737 0.518658
0.939664 736 0.519289
0.939664 735 0.51932
0.939664 734 0.519416
0.939664 733 0.519444
0.939664 732 0.519965
0.939664 731 0.519973
0.939664 730 0.520357
0.939664 729 0.521287
0.939664 728 0.521782
0.939664 727 0.522592
0.939664 726 0.523163
0.939664 725 0.523847
0.939664 724 0.523897
0.939664 723 0.524551
0.939664 722 0.524803
0.939664 721 0.527513
0.939664 720 0.528255
0.939664 719 0.529699
0.939664 718 0.530165
0.939664 717 0.53107
0.939664 716 0.531191
0.939664 715 0.532083
0.939664 714 0.532583
0.939664 713 0.532759
0.939664 712 0.532773
0.939664 711 0.533173
0.939664 710 0.533216
0.939664 709 0.533312
0.939664 708 0.533697
0.939664 707 0.535472
0.939664 706 0.535473
0.93947 706 0.535862
0.93947 705 0.535996
0.93947 704 0.53625
0.93947 703 0.53731
0.93947 702 0.537808
0.93947 701 0.538368
0.93947 700 0.538628
0.93947 699 0.539727
0.93947 698 0.540403
0.93947 697 0.540491
0.93947 696 0.541149
0.93947 695 0.541528
0.93947 694 0.541646
0.93947 693 0.541746
0.93947 692 0.542272
0.93947 691 0.543829
0.93947 690 0.544576
0.93947 689 0.545221
0.93947 688 0.546018
0.93947 687 0.547176
0.93947 686 0.54907
0.93947 685 0.549287
0.93947 684 0.549753
0.93947 683 0.549881
0.93947 682 0.550066
0.93947 681 0.550679
0.93947 680 0.550718
0.93947 679 0.551351
0.93947 678 0.551551
0.93947 677 0.552277
0.93947 676 0.552392
0.93947 675 0.552617
0.93947 674 0.552675
0.93947 673 0.552721
0.93947 672 0.553076
0.93947 671 0.553551
0.93947 670 0.555247
0.939277 670 0.556246
0.939277 669 0.556927
0.939277 668 0.557106
0.939277 667 0.557201
0.939277 666 0.557416
0.939277 665 0.557483
0.939277 664 0.558466
0.939277 663 0.558635
0.939277 662 0.558748
0.939277 661 0.558996
0.939277 660 0.559053
0.939277 659 0.559591
0.939277 658 0.559998
0.939277 657 0.560277
0.939277 656 0.560456
0.939277 655 0.560734
0.939277 654 0.560837
0.939277 653 0.561186
0.939277 652 0.561282
0.939277 651 0.562606
0.939277 650 0.562763
0.939277 649 0.562793
0.939277 648 0.563417
0.939277 647 0.563877
0.939083 647 0.563923
0.939083 646 0.565933
0.939083 645 0.566377
0.939083 644 0.566443
0.93889 644 0.566554
0.93889 643 0.566931
0.938697 643 0.568809
0.938697 642 0.568889
0.938697 641 0.56892
0.938503 641 0.56952
0.93831 641 0.570481
0.938116 641 0.570913
0.938116 640 0.572076
0.938116 639 0.572216
0.938116 638 0.572218
0.938116 637 0.572287
0.938116 636 0.573732
0.938116 635 0.57391
0.938116 634 0.57411
0.938116 633 0.57449
0.938116 632 0.574551
0.938116 631 0.575051
0.938116 630 0.575237
0.938116 629 0.577077
0.938116 628 0.57734
0.938116 627 0.577964
0.937923 627 0.578104
0.937923 626 0.578158
0.937923 625 0.578383
0.937923 624 0.578777
0.937923 623 0.579706
0.937923 622 0.579789
0.937923 621 0.580189
0.937923 620 0.580326
0.937923 619 0.580758
0.937923 618 0.580894
0.937923 617 0.580915
0.937923 616 0.581218
0.937923 615 0.581324
0.937923 614 0.581438
0.937923 613 0.581494
0.937923 612 0.58161
0.937923 611 0.582629
0.937923 610 0.583953
0.93773 610 0.584032
0.93773 609 0.58431
0.93773 608 0.584472
0.93773 607 0.584606
0.937536 607 0.584913
0.937536 606 0.586081
0.937536 605 0.586621
0.937536 604 0.586817
0.937536 603 0.587731
0.937536 602 0.58801
0.937343 602 0.58808
0.937343 601 0.588632
0.937149 601 0.588757
0.937149 600 0.588772
0.937149 599 0.588851
0.936956 599 0.589052
0.936956 598 0.589684
0.936956 597 0.589774
0.936956 596 0.589895
0.936956 595 0.590367
0.936956 594 0.591392
0.936956 593 0.591575
0.936763 593 0.592607
0.936763 592 0.592658
0.936763 591 0.593147
0.936763 590 0.593305
0.936763 588 0.593451
0.936763 587 0.593519
0.936763 586 0.59362
0.936763 585 0.593662
0.936763 584 0.593838
0.936763 583 0.594085
0.936763 582 0.595012
0.936763 581 0.59506
0.936763 580 0.59743
0.936763 579 0.597971
0.936763 578 0.598753
0.936763 577 0.599995
0.936763 576 0.600431
0.936763 575 0.600733
0.936763 574 0.601266
0.936763 573 0.601268
0.936763 572 0.601301
0.936763 571 0.602332
0.936763 570 0.602846
0.936763 569 0.603838
0.936763 568 0.605342
0.936569 568 0.605903
0.936569 567 0.60619
0.936569 566 0.606586
0.936569 565 0.607711
0.936569 564 0.607833
0.936569 563 0.607834
0.936569 562 0.607997
0.936569 561 0.608331
0.936569 560 0.608452
0.936569 559 0.608464
0.936569 558 0.608722
0.936569 557 0.609333
0.936376 557 0.609366
0.936376 556 0.60972
0.936376 555 0.610022
0.936376 554 0.611729
0.936376 553 0.611788
0.936376 552 0.614287
0.936376 551 0.6149
0.936376 550 0.614998
0.936183 550 0.61677
0.935989 550 0.617144
0.935989 549 0.617304
0.935989 548 0.617492
0.935989 547 0.617493
0.935796 547 0.61794
0.935602 547 0.618148
0.935602 546 0.618671
0.935409 546 0.619235
0.935409 545 0.620189
0.935409 544 0.62034
0.935409 543 0.622339
0.935409 542 0.622481
0.935409 541 0.622573
0.935409 540 0.622746
0.935409 539 0.623218
0.935409 538 0.623735
0.935216 538 0.623852
0.935216 537 0.624016
0.935216 536 0.62445
0.935216 535 0.624715
0.935216 534 0.624748
0.935216 533 0.625039
0.935216 532 0.62577
0.935216 531 0.626106
0.935216 530 0.626384
0.935216 529 0.627426
0.935216 528 0.628088
0.935216 527 0.628398
0.935216 526 0.628406
0.935216 525 0.628617
0.935216 524 0.629067
0.935216 523 0.629115
0.935216 522 0.629356
0.935216 521 0.630603
0.935216 520 0.631049
0.935216 519 0.631254
0.935216 518 0.632177
0.935216 517 0.632222
0.935022 517 0.634066
0.935022 516 0.634287
0.935022 515 0.634422
0.935022 514 0.634944
0.935022 513 0.635311
0.935022 512 0.635398
0.935022 511 0.638114
0.935022 510 0.638291
0.935022 509 0.638787
0.935022 508 0.639238
0.935022 507 0.640367
0.935022 506 0.640467
0.935022 505 0.640471
0.935022 504 0.640974
0.935022 503 0.641443
0.935022 502 0.641837
0.935022 501 0.642668
0.934829 500 0.643217
0.934829 499 0.643733
0.934829 498 0.644213
0.934829 497 0.644907
0.934829 496 0.645319
0.934829 495 0.645933
0.934829 494 0.647123
0.934829 493 0.647821
0.934829 492 0.648033
0.934829 491 0.648115
0.934829 490 0.648167
0.934829 489 0.648606
0.934829 488 0.648675
0.934829 487 0.648929
0.934829 486 0.649215
0.934829 485 0.649669
0.934829 484 0.649959
0.934829 483 0.650971
0.934829 482 0.651009
0.934829 481 0.651057
0.934635 481 0.651178
0.934635 480 0.651632
0.934635 479 0.652223
0.934635 478 0.652522
0.934635 477 0.65339
0.934635 476 0.653622
0.934635 475 0.653643
0.934635 474 0.654429
0.934635 473 0.654689
0.934635 472 0.655975
0.934635 471 0.656185
0.934635 470 0.656308
0.934635 469 0.656689
0.934635 468 0.657429
0.934635 467 0.657455
0.934635 466 0.658285
0.934635 465 0.658291
0.934635 464 0.658453
0.934635 463 0.660363
0.934635 462 0.661937
0.934635 461 0.663894
0.934635 460 0.663999
0.934635 459 0.665128
0.934635 458 0.665207
0.934635 457 0.665556
0.934635 456 0.666718
0.934635 455 0.667126
0.934635 454 0.667503
0.934635 453 0.668152
0.934635 452 0.668208
0.934635 451 0.66864
0.934442 451 0.669112
0.934442 450 0.669464
0.934442 449 0.669838
0.934442 448 0.669855
0.934442 447 0.669898
0.934442 446 0.670962
0.934249 446 0.671114
0.934249 445 0.671319
0.934249 444 0.67168
0.934249 443 0.675533
0.934249 442 0.675651
0.934249 441 0.676166
0.934249 440 0.67645
0.934249 439 0.676929
0.934249 438 0.676949
0.934249 437 0.677169
0.934055 437 0.677478
0.934055 436 0.677997
0.934055 435 0.678633
0.934055 434 0.679107
0.933862 434 0.679495
0.933862 433 0.679907
0.933862 432 0.680579
0.933669 432 0.681646
0.933669 431 0.681803
0.933669 430 0.682539
0.933669 429 0.683674
0.933669 428 0.683923
0.933669 427 0.684424
0.933475 427 0.685041
0.933475 426 0.686862
0.933475 425 0.687087
0.933475 424 0.687486
0.933475 423 0.687862
0.933475 422 0.688089
0.933475 421 0.688435
0.933475 420 0.688488
0.933475 419 0.688734
0.933475 418 0.689265
0.933475 417 0.690221
0.933475 416 0.690394
0.933475 415 0.69045
0.933475 414 0.690485
0.933282 414 0.69119
0.933282 413 0.691228
0.933282 411 0.691911
0.933282 410 0.691979
0.933282 409 0.692294
0.933282 408 0.692495
0.933282 407 0.692545
0.933282 406 0.692966
0.933088 406 0.693252
0.933088 405 0.693278
0.933088 404 0.694019
0.933088 403 0.695251
0.932895 403 0.695396
0.932702 403 0.695603
0.932702 402 0.696163
0.932702 401 0.697932
0.932702 400 0.698887
0.932702 399 0.699036
0.932508 399 0.699373
0.932508 398 0.699538
0.932315 398 0.699883
0.932315 397 0.70134
0.932315 396 0.70191
0.932315 395 0.702178
0.932315 394 0.702579
0.932315 393 0.703866
0.932315 392 0.704717
0.932315 391 0.705188
0.932315 390 0.705321
0.932315 389 0.70552
0.932315 388 0.705553
0.932315 387 0.705871
0.932315 386 0.707523
0.932315 385 0.709116
0.932315 384 0.709418
0.932121 384 0.710498
0.932121 383 0.711142
0.931928 383 0.711553
0.931928 382 0.711614
0.931735 382 0.712591
0.931735 381 0.71346
0.931541 381 0.713811
0.931541 380 0.714699
0.931348 380 0.715717
0.931348 379 0.716185
0.931348 378 0.716313
0.931348 377 0.716422
0.931348 376 0.71664
0.931348 375 0.717053
0.931348 374 0.717244
0.931348 373 0.718379
0.931155 373 0.718735
0.931155 372 0.718828
0.931155 371 0.720465
0.931155 370 0.721164
0.931155 369 0.72137
0.931155 368 0.721668
0.930961 368 0.722329
0.930961 367 0.722641
0.930961 366 0.722747
0.930961 365 0.724658
0.930961 364 0.725826
0.930961 363 0.726019
0.930961 362 0.72651
0.930961 361 0.727584
0.930961 360 0.728141
0.930961 359 0.729435
0.930961 358 0.730035
0.930961 357 0.730325
0.930961 356 0.731242
0.930768 356 0.731464
0.930768 355 0.732063
0.930574 355 0.732098
0.930574 354 0.732795
0.930574 353 0.732878
0.930574 352 0.734661
0.930381 352 0.735428
0.930381 351 0.735973
0.930381 350 0.736404
0.930188 350 0.737202
0.930188 349 0.737777
0.930188 348 0.737876
0.929994 348 0.738043
0.929994 347 0.738213
0.929801 347 0.738344
0.929801 346 0.739268
0.929801 345 0.740181
0.929607 345 0.740207
0.929607 344 0.740948
0.929607 343 0.74121
0.929607 342 0.741655
0.929607 341 0.742162
0.929414 341 0.743434
0.929414 340 0.743471
0.929221 340 0.744473
0.929221 339 0.744992
0.929221 338 0.745568
0.929221 337 0.746822
0.929221 336 0.746962
0.929027 336 0.748063
0.928834 336 0.748143
0.928834 335 0.748613
0.928834 334 0.74908
0.928834 333 0.750093
0.928834 332 0.7504
0.928834 331 0.750473
0.928834 330 0.751381
0.92864 330 0.75148
0.92864 329 0.751905
0.92864 328 0.752846
0.92864 327 0.753709
0.92864 326 0.754106
0.92864 325 0.754686
0.92864 324 0.755205
0.92864 323 0.75524
0.92864 322 0.755574
0.92864 321 0.758888
0.92864 320 0.75904
0.928447 320 0.759078
0.928254 320 0.759395
0.92806 320 0.761241
0.92806 319 0.761668
0.92806 318 0.762103
0.92806 317 0.762429
0.92806 316 0.762643
0.927867 316 0.763034
0.927867 315 0.764536
0.927674 315 0.764751
0.927674 314 0.765214
0.927674 313 0.765605
0.927674 312 0.765954
0.927674 311 0.766702
0.927674 310 0.768312
0.92748 310 0.768382
0.92748 309 0.768948
0.92748 308 0.771207
0.92748 307 0.772246
0.92748 306 0.772542
0.927287 306 0.772736
0.927287 305 0.773271
0.927287 304 0.773308
0.927093 304 0.773753
0.927093 303 0.774961
0.927093 302 0.775197
0.927093 301 0.775778
0.9269 301 0.775951
0.9269 300 0.777442
0.9269 299 0.778443
0.9269 298 0.781356
0.9269 297 0.782317
0.9269 296 0.78316
0.9269 295 0.784417
0.9269 294 0.785168
0.9269 293 0.785501
0.9269 292 0.786117
0.9269 291 0.786877
0.9269 290 0.787579
0.9269 289 0.787623
0.9269 288 0.78941
0.9269 287 0.790062
0.9269 286 0.790143
0.9269 285 0.790214
0.9269 284 0.790947
0.926707 284 0.792473
0.926707 283 0.792745
0.926707 282 0.79348
0.926707 281 0.793764
0.926707 280 0.794111
0.926707 279 0.794393
0.926513 279 0.794679
0.92632 279 0.795525
0.92632 278 0.795537
0.92632 277 0.795956
0.926126 277 0.796847
0.926126 276 0.797111
0.926126 275 0.797287
0.926126 274 0.798359
0.926126 273 0.799053
0.926126 272 0.799063
0.925933 272 0.800451
0.92574 272 0.801135
0.92574 271 0.801701
0.92574 270 0.801869
0.92574 269 0.802113
0.925546 269 0.803092
0.925546 268 0.803239
0.925546 267 0.803493
0.925546 266 0.804383
0.925546 265 0.807554
0.925353 265 0.808489
0.92516 265 0.808752
0.924966 265 0.808804
0.924966 264 0.809246
0.924966 263 0.810289
0.924966 262 0.81076
0.924966 261 0.811163
0.924773 261 0.81139
0.924579 261 0.812498
0.924579 260 0.81263
0.924579 259 0.812722
0.924579 258 0.813792
0.924386 258 0.815524
0.924386 257 0.815654
0.924386 256 0.817331
0.924386 255 0.817886
0.924386 254 0.818631
0.924386 253 0.818827
0.924386 252 0.818865
0.924193 252 0.818879
0.924193 251 0.819047
0.924193 250 0.819179
0.924193 249 0.819268
0.923999 249 0.819662
0.923999 248 0.819676
0.923999 247 0.820031
0.923999 246 0.820793
0.923999 245 0.821785
0.923999 243 0.821914
0.923806 243 0.822553
0.923806 242 0.822868
0.923806 241 0.823251
0.923806 240 0.823275
0.923612 240 0.825727
0.923612 239 0.828581
0.923419 239 0.828611
0.923419 238 0.832903
0.923226 238 0.834376
0.923032 238 0.837834
0.923032 237 0.837916
0.923032 236 0.838256
0.923032 235 0.838818
0.923032 234 0.839347
0.923032 233 0.839468
0.923032 232 0.840177
0.923032 231 0.840617
0.923032 230 0.841314
0.923032 229 0.841328
0.923032 228 0.841994
0.923032 227 0.841999
0.922839 227 0.842096
0.922646 227 0.843052
0.922646 226 0.843188
0.922452 226 0.843633
0.922452 225 0.843657
0.922259 225 0.843784
0.922065 225 0.84399
0.922065 224 0.84416
0.921872 224 0.844354
0.921872 223 0.844502
0.921679 223 0.844564
0.921679 222 0.846592
0.921679 221 0.846888
0.921485 221 0.84751
0.921292 221 0.847594
0.921292 220 0.847877
0.921292 219 0.848032
0.921098 219 0.848538
0.920905 219 0.848728
0.920712 219 0.849458
0.920712 218 0.849474
0.920518 218 0.850071
0.920518 217 0.850283
0.920518 216 0.85045
0.920518 215 0.850939
0.920518 214 0.851078
0.920518 213 0.851669
0.920518 212 0.851706
0.920518 211 0.852162
0.920518 210 0.853238
0.920518 209 0.8538
0.920518 208 0.854102
0.920518 207 0.854328
0.920518 206 0.854378
0.920518 205 0.85457
0.920518 204 0.854764
0.920518 203 0.855194
0.920518 202 0.855216
0.920518 201 0.857088
0.920518 200 0.857645
0.920325 200 0.858363
0.920325 199 0.859837
0.920325 198 0.861558
0.920132 198 0.861839
0.920132 197 0.862142
0.919938 197 0.862873
0.919745 197 0.862946
0.919551 197 0.863766
0.919551 196 0.863949
0.919551 195 0.864001
0.919551 194 0.864177
0.919551 193 0.864679
0.919358 193 0.864789
0.919165 193 0.865252
0.919165 192 0.865567
0.918971 192 0.86606
0.918971 191 0.866646
0.918971 190 0.867933
0.918971 189 0.868595
0.918971 188 0.869082
0.918971 187 0.86915
0.918778 187 0.87057
0.918778 186 0.870835
0.918778 185 0.870938
0.918778 184 0.871111
0.918778 183 0.871749
0.918778 182 0.871868
0.918778 181 0.872437
0.918778 180 0.872539
0.918584 180 0.873369
0.918391 180 0.873649
0.918391 179 0.873859
0.918391 178 0.874276
0.918198 178 0.874456
0.918198 177 0.874793
0.918198 176 0.87523
0.918198 175 0.875703
0.918198 174 0.87705
0.918004 174 0.877092
0.918004 173 0.877729
0.917811 173 0.877857
0.917617 173 0.878072
0.917617 172 0.878079
0.917617 171 0.87828
0.917617 170 0.87862
0.917617 169 0.878737
0.917617 168 0.878857
0.917617 167 0.879544
0.917424 167 0.880404
0.917424 166 0.882527
0.917231 166 0.883261
0.917231 165 0.883485
0.917231 164 0.883607
0.917231 163 0.885222
0.917231 162 0.885842
0.917231 161 0.886207
0.917231 160 0.886594
0.917037 160 0.88842
0.917037 159 0.889137
0.917037 158 0.889429
0.916844 158 0.891365
0.916651 158 0.891478
0.916651 157 0.891479
0.916457 157 0.891547
0.916264 157 0.892951
0.916264 156 0.893319
0.916264 155 0.893866
0.916264 154 0.893933
0.91607 154 0.894168
0.915877 154 0.894298
0.915684 154 0.89461
0.915297 154 0.896069
0.915103 154 0.896207
0.91491 154 0.896371
0.91491 153 0.896415
0.91491 152 0.896666
0.91491 151 0.896962
0.91491 150 0.897391
0.914717 150 0.898445
0.914523 150 0.899654
0.91433 150 0.899717
0.91433 149 0.900614
0.914137 149 0.901023
0.914137 148 0.901395
0.913943 148 0.901637
0.91375 148 0.902237
0.91375 147 0.903033
0.91375 146 0.903307
0.913556 146 0.903553
0.913556 145 0.906313
0.913556 144 0.906601
0.913556 143 0.908396
0.913363 143 0.908463
0.91317 143 0.908573
0.91317 142 0.909221
0.91317 141 0.909307
0.912976 141 0.909576
0.912976 140 0.910338
0.912783 140 0.911082
0.912783 139 0.911663
0.912783 138 0.912235
0.912589 138 0.912864
0.912396 138 0.913522
0.912203 138 0.913733
0.912203 137 0.913988
0.912203 136 0.91404
0.912009 136 0.914527
0.911816 136 0.915028
0.911623 136 0.91548
0.911623 135 0.916083
0.911623 134 0.916277
0.911429 134 0.916495
0.911429 133 0.917857
0.911429 132 0.917963
0.911236 132 0.918432
0.911236 131 0.918442
0.911042 131 0.918924
0.911042 130 0.919167
0.911042 129 0.919434
0.911042 128 0.919878
0.910849 128 0.919923
0.910656 128 0.920684
0.910462 128 0.921206
0.910269 128 0.922237
0.910269 127 0.92267
0.910269 126 0.922771
0.910269 125 0.92303
0.910075 125 0.923095
0.909882 125 0.924076
0.909882 124 0.924112
0.909882 123 0.924299
0.909689 123 0.924464
0.909689 122 0.924854
0.909689 121 0.92532
0.909689 120 0.926136
0.909689 119 0.92615
0.909495 119 0.926236
0.909302 119 0.927129
0.909302 118 0.927448
0.909302 117 0.927595
0.909302 116 0.92808
0.909302 115 0.928246
0.909302 114 0.929675
0.909108 114 0.930234
0.908915 114 0.930363
0.908722 114 0.930414
0.908722 113 0.931265
0.908528 113 0.931864
0.908528 112 0.933698
0.908335 112 0.934391
0.908335 111 0.934462
0.908335 110 0.935225
0.908142 110 0.935448
0.908142 109 0.93563
0.907948 109 0.936146
0.907755 109 0.936312
0.907561 109 0.93634
0.907368 109 0.937114
0.907368 108 0.937161
0.907368 107 0.937354
0.907368 106 0.937875
0.907368 105 0.938969
0.907175 105 0.939212
0.906981 105 0.939365
0.906981 104 0.939473
0.906788 104 0.939569
0.906594 104 0.940413
0.906401 104 0.940739
0.906208 104 0.94074
0.906208 103 0.941932
0.906014 103 0.94228
0.905821 103 0.942526
0.905821 102 0.943883
0.905628 102 0.943936
0.905434 102 0.944233
0.905434 101 0.944515
0.905241 101 0.944669
0.905047 101 0.946165
0.904854 101 0.946409
0.904661 101 0.946555
0.904661 100 0.947477
0.904467 100 0.947639
0.904467 99 0.947706
0.904274 99 0.947864
0.904274 98 0.9481
0.90408 98 0.948184
0.903887 98 0.948717
0.903694 98 0.948857
0.903694 97 0.949378
0.9035 97 0.949407
0.9035 96 0.949703
0.903307 96 0.950554
0.903307 95 0.950937
0.903114 95 0.950949
0.903114 94 0.951242
0.90292 94 0.95268
0.902727 94 0.952989
0.902533 94 0.953651
0.90234 94 0.953745
0.902147 94 0.954157
0.901953 94 0.954254
0.90176 94 0.954406
0.901566 94 0.95487
0.901566 93 0.955008
0.901373 93 0.955168
0.90118 93 0.955281
0.900986 93 0.955519
0.900793 93 0.955669
0.900599 93 0.95583
0.900406 93 0.955977
0.900406 92 0.956008
0.900406 91 0.956011
0.900406 90 0.956117
0.900213 90 0.956812
0.900019 90 0.956821
0.900019 89 0.95748
0.899633 89 0.957489
0.899633 88 0.957523
0.899439 88 0.957594
0.899246 88 0.957621
0.899052 88 0.957968
0.898859 88 0.958659
0.898666 88 0.958698
0.898666 87 0.95875
0.898666 86 0.958881
0.898472 86 0.958926
0.898279 86 0.959305
0.898279 85 0.959579
0.898085 85 0.960207
0.897892 85 0.960464
0.897699 85 0.96073
0.897699 84 0.961087
0.897505 84 0.961128
0.897505 83 0.961623
0.897312 83 0.961629
0.897119 83 0.96191
0.896925 83 0.962358
0.896732 83 0.962371
0.896538 83 0.963116
0.896345 83 0.963803
0.896152 83 0.964025
0.895958 83 0.96422
0.895765 83 0.964227
0.895571 83 0.964694
0.895571 82 0.964703
0.895378 82 0.964752
0.895185 82 0.964809
0.894991 82 0.965734
0.894798 82 0.965907
0.894605 82 0.96644
0.894411 82 0.966938
0.894411 81 0.966975
0.894218 81 0.966996
0.894024 81 0.967227
0.893831 81 0.967644
0.893831 80 0.967911
0.893638 80 0.968085
0.893444 80 0.96822
0.893251 80 0.968237
0.893057 80 0.96831
0.892864 80 0.96879
0.892864 79 0.968826
0.892864 78 0.968994
0.892864 77 0.969135
0.892671 77 0.969148
0.892671 76 0.969292
0.892477 76 0.969315
0.892284 76 0.969351
0.892091 76 0.969722
0.892091 75 0.970234
0.892091 74 0.970401
0.892091 73 0.970568
0.892091 72 0.970709
0.891897 72 0.971116
0.891704 72 0.971371
0.89151 72 0.971479
0.891317 72 0.971508
0.891124 72 0.97175
0.891124 71 0.971952
0.891124 70 0.971991
0.89093 70 0.972049
0.890737 70 0.972247
0.890543 70 0.972298
0.89035 70 0.972404
0.890157 70 0.972637
0.889963 70 0.973246
0.88977 70 0.973409
0.889576 70 0.973516
0.889576 69 0.973676
0.889576 68 0.973718
0.889383 68 0.973802
0.88919 68 0.973929
0.888996 68 0.974269
0.888803 68 0.975268
0.88861 68 0.975646
0.888416 68 0.975866
0.888223 68 0.975989
0.888029 68 0.976237
0.887836 68 0.976254
0.887836 67 0.976355
0.887836 66 0.976752
0.887643 66 0.977112
0.887643 65 0.977136
0.887449 65 0.977137
0.887256 65 0.977192
0.887062 65 0.97734
0.886869 65 0.977382
0.886676 65 0.977419
0.886482 65 0.977423
0.886289 65 0.977452
0.886096 65 0.97747
0.885902 65 0.9778
0.885902 64 0.978022
0.885709 64 0.978566
0.885709 63 0.97865
0.885515 63 0.978953
0.885515 62 0.979
0.885515 61 0.979235
0.885322 61 0.979343
0.885129 61 0.979436
0.884935 61 0.97958
0.884742 61 0.979793
0.884548 61 0.979906
0.884355 61 0.980112
0.884162 61 0.980232
0.883968 61 0.980294
0.883968 60 0.980419
0.883968 59 0.980892
0.883775 59 0.980988
0.883775 58 0.981015
0.883582 58 0.981242
0.883582 57 0.981339
0.883388 57 0.981461
0.883195 57 0.98156
0.883001 57 0.982138
0.882808 57 0.982555
0.882615 57 0.98257
0.882421 57 0.982726
0.882228 57 0.982764
0.882034 57 0.983007
0.881841 57 0.983014
0.881648 57 0.98307
0.881454 57 0.983143
0.881261 57 0.983361
0.881067 57 0.983418
0.881067 56 0.983423
0.880874 56 0.983473
0.880681 56 0.983646
0.880487 56 0.983661
0.880294 56 0.983678
0.880101 56 0.984197
0.879907 56 0.984199
0.879907 55 0.984218
0.879714 55 0.984283
0.87952 55 0.984504
0.879327 55 0.984521
0.879134 55 0.984573
0.87894 55 0.984646
0.878747 55 0.984743
0.878553 55 0.984809
0.87836 55 0.984994
0.87836 54 0.984999
0.878167 54 0.985091
0.878167 53 0.985239
0.878167 52 0.985497
0.877973 52 0.985525
0.877973 51 0.985531
0.87778 51 0.98589
0.87778 50 0.986017
0.87778 49 0.986266
0.877587 49 0.986406
0.877393 49 0.986514
0.8772 49 0.986751
0.877006 49 0.986843
0.876813 49 0.9871
0.87662 49 0.987116
0.876426 49 0.987176
0.876233 49 0.987281
0.876039 49 0.987355
0.875846 49 0.987395
0.875846 48 0.987479
0.875653 48 0.987598
0.875459 48 0.987729
0.875459 47 0.987832
0.875266 47 0.987852
0.875073 47 0.987944
0.874879 47 0.987965
0.874686 47 0.988201
0.874492 47 0.988262
0.874299 47 0.98835
0.874106 47 0.988502
0.873912 47 0.988521
0.873912 46 0.988593
0.873719 46 0.988688
0.873525 46 0.988767
0.873332 46 0.98886
0.873139 46 0.988906
0.872945 46 0.989022
0.872945 45 0.98906
0.872945 44 0.989152
0.872945 43 0.989179
0.872752 43 0.989318
0.872752 42 0.989422
0.872558 42 0.989487
0.872365 42 0.989707
0.872172 42 0.989754
0.872172 41 0.989897
0.871978 41 0.989948
0.871785 41 0.990068
0.871592 41 0.99011
0.871398 41 0.990124
0.871205 41 0.990158
0.871011 41 0.990184
0.870818 41 0.990206
0.870625 41 0.99032
0.870431 41 0.990335
0.870238 41 0.990337
0.870044 41 0.990373
0.869851 41 0.990482
0.869658 41 0.990489
0.869464 41 0.990523
0.869271 41 0.990527
0.869078 41 0.990554
0.868884 41 0.990634
0.868691 41 0.990715
0.868691 40 0.990744
0.868497 40 0.990859
0.868304 40 0.991088
0.868111 40 0.991089
0.867917 40 0.991117
0.867917 39 0.99116
0.867724 39 0.991177
0.867724 38 0.991181
0.86753 38 0.991275
0.867337 38 0.991321
0.867144 38 0.991347
0.86695 38 0.99138
0.866757 38 0.991403
0.866564 38 0.991422
0.86637 38 0.991451
0.866177 38 0.991525
0.866177 37 0.991533
0.866177 36 0.991573
0.866177 35 0.99159
0.865983 35 0.991617
0.86579 35 0.991635
0.865597 35 0.991727
0.865403 35 0.991746
0.86521 35 0.991838
0.865016 35 0.991878
0.865016 34 0.991902
0.864823 34 0.991929
0.86463 34 0.992
0.864436 34 0.992002
0.864243 34 0.992003
0.86405 34 0.992037
0.86405 33 0.992104
0.863856 33 0.992186
0.863663 33 0.992215
0.863469 33 0.992217
0.863276 33 0.992269
0.863083 33 0.992269
0.862889 33 0.99232
0.862696 33 0.992332
0.862502 33 0.992391
0.862309 33 0.992432
0.862116 33 0.992435
0.861922 33 0.992441
0.861729 33 0.992484
0.861729 32 0.992541
0.861535 32 0.992542
0.861342 32 0.99258
0.861149 32 0.992608
0.860955 32 0.992618
0.860762 32 0.992626
0.860569 32 0.992644
0.860375 32 0.992661
0.860182 32 0.992729
0.859988 32 0.992849
0.859795 32 0.992891
0.859602 32 0.992998
0.859408 32 0.993018
0.859215 32 0.993041
0.859021 32 0.993066
0.858828 32 0.993101
0.858635 32 0.993123
0.858441 32 0.993146
0.858248 32 0.993152
0.858055 32 0.993157
0.857861 32 0.993254
0.857668 32 0.993268
0.857474 32 0.993301
0.857281 32 0.993355
0.857088 32 0.993467
0.856894 32 0.993559
0.856701 32 0.993605
0.856507 32 0.993614
0.856314 32 0.993674
0.856121 32 0.993708
0.855927 32 0.993718
0.855734 32 0.99373
0.855541 32 0.993856
0.855541 31 0.993896
0.855347 31 0.99397
0.855347 30 0.993979
0.855154 30 0.993996
0.855154 29 0.994015
0.85496 29 0.99411
0.854767 29 0.99414
0.854574 29 0.994212
0.854574 28 0.994227
0.854574 27 0.994323
0.85438 27 0.994349
0.854187 27 0.994383
0.853993 27 0.994414
0.8538 27 0.994544
0.853607 27 0.994553
0.853413 27 0.994568
0.85322 27 0.994615
0.853026 27 0.994639
0.852833 27 0.994654
0.85264 27 0.994703
0.852446 27 0.99471
0.852253 27 0.994737
0.85206 27 0.994757
0.851866 27 0.994759
0.851673 27 0.994793
0.851479 27 0.994814
0.851286 27 0.994825
0.851093 27 0.99483
0.850899 27 0.994842
0.850706 27 0.994862
0.850512 27 0.994864
0.850319 27 0.994884
0.850126 27 0.994899
0.849932 27 0.994905
0.849739 27 0.994908
0.849546 27 0.99495
0.849352 27 0.994967
0.849159 27 0.995056
0.848965 27 0.995123
0.848772 27 0.995126
0.848579 27 0.99513
0.848385 27 0.995132
0.847998 27 0.99518
0.847805 27 0.995204
0.847612 27 0.995209
0.847612 26 0.995249
0.847418 26 0.99525
0.847225 26 0.995255
0.847032 26 0.995264
0.846838 26 0.99532
0.846645 26 0.995348
0.846451 26 0.995407
0.846258 26 0.99543
0.846065 26 0.995457
0.845871 26 0.995464
0.845678 26 0.995591
0.845484 26 0.995621
0.845291 26 0.995664
0.845098 26 0.995669
0.844904 26 0.995718
0.844711 26 0.995739
0.844518 26 0.99575
0.844324 26 0.995784
0.844131 26 0.995798
0.843937 26 0.995804
0.843744 26 0.995826
0.843744 25 0.995866
0.843551 25 0.995892
0.843357 25 0.995948
0.843357 24 0.995958
0.843164 24 0.995963
0.84297 24 0.99598
0.842777 24 0.995995
0.842584 24 0.996006
0.84239 24 0.996041
0.842197 24 0.996068
0.842003 24 0.996068
0.84181 24 0.996075
0.841617 24 0.996118
0.841423 24 0.996143
0.84123 24 0.99615
0.841037 24 0.996163
0.840843 24 0.996175
0.84065 24 0.996186
0.84065 23 0.99619
0.840456 23 0.996224
0.840263 23 0.996235
0.84007 23 0.996259
0.839876 23 0.996262
0.839683 23 0.996305
0.839489 23 0.996309
0.839296 23 0.996341
0.839103 23 0.99636
0.838909 23 0.996369
0.838716 23 0.996378
0.838523 23 0.996394
0.838329 23 0.996409
0.838136 23 0.996442
0.837942 23 0.996458
0.837749 23 0.996481
0.837556 23 0.99653
0.837362 23 0.99653
0.837169 23 0.996532
0.836975 23 0.996542
0.836975 22 0.99655
0.836782 22 0.996585
0.836589 22 0.996592
0.836395 22 0.996601
0.836395 21 0.996611
0.836202 21 0.996625
0.836009 21 0.996626
0.835815 21 0.996646
0.835622 21 0.996649
0.835428 21 0.99666
0.835235 21 0.996669
0.835042 21 0.996688
0.834848 21 0.996693
0.834655 21 0.996695
0.834461 21 0.996703
0.834268 21 0.996713
0.834075 21 0.996719
0.833881 21 0.996728
0.833688 21 0.996732
0.833494 21 0.996735
0.833301 21 0.996782
0.833108 21 0.996791
0.832914 21 0.996799
0.832721 21 0.996805
0.832528 21 0.996808
0.832334 21 0.996828
0.832141 21 0.996836
0.831947 21 0.996877
0.831754 21 0.996903
0.831561 21 0.996905
0.831367 21 0.996908
0.831174 21 0.996918
0.83098 21 0.996971
0.830787 21 0.996973
0.830594 21 0.997013
0.8304 21 0.997017
0.830207 21 0.997022
0.830014 21 0.997046
0.82982 21 0.997057
0.829627 21 0.997063
0.829433 21 0.997064
0.82924 21 0.997084
0.829047 21 0.997085
0.828853 21 0.997102
0.82866 21 0.997113
0.828466 21 0.997171
0.828273 21 0.997185
0.82808 21 0.997189
0.827886 21 0.99719
0.827693 21 0.997198
0.8275 21 0.997199
0.827306 21 0.997206
0.827113 21 0.997213
0.826919 21 0.99724
0.826726 21 0.997274
0.826533 21 0.997308
0.826339 21 0.997321
0.826146 21 0.997329
0.825952 21 0.997343
0.825566 21 0.997348
0.825372 21 0.997361
0.825179 21 0.997365
0.825179 20 0.997379
0.824985 20 0.997402
0.824792 20 0.997407
0.824599 20 0.997431
0.824405 20 0.997431
0.824212 20 0.997432
0.824019 20 0.997438
0.823825 20 0.997444
0.823632 20 0.997444
0.823438 20 0.997455
0.823245 20 0.997467
0.823052 20 0.997471
0.822858 20 0.997471
0.822665 20 0.99751
0.822471 20 0.997528
0.822278 20 0.997529
0.822085 20 0.997537
0.821891 20 0.997537
0.821698 20 0.997548
0.821505 20 0.99756
0.821311 20 0.997569
0.821118 20 0.997576
0.820924 20 0.997582
0.820924 19 0.997585
0.820731 19 0.997607
0.820538 19 0.997678
0.820344 19 0.997681
0.820151 19 0.997694
0.819957 19 0.997699
0.819764 19 0.9977
0.819571 19 0.997703
0.819377 19 0.997722
0.819184 19 0.997727
0.818991 19 0.997739
0.818797 19 0.997744
0.818604 19 0.997746
0.81841 19 0.997761
0.818217 19 0.997777
0.818024 19 0.997782
0.81783 19 0.997783
0.817637 19 0.997796
0.81725 19 0.997797
0.817057 19 0.997819
0.816863 19 0.99782
0.81667 19 0.997825
0.816477 19 0.997837
0.816283 19 0.997854
0.81609 19 0.997866
0.815896 19 0.997867
0.815703 19 0.997876
0.81551 19 0.997878
0.815316 19 0.99789
0.815123 19 0.9979
0.814929 19 0.997906
0.814736 19 0.997906
0.814543 19 0.997928
0.814349 19 0.997958
0.814349 18 0.997962
0.814156 18 0.997963
0.813962 18 0.997965
0.813769 18 0.997966
0.813576 18 0.998001
0.813382 18 0.998027
0.813189 18 0.998029
0.812996 18 0.998031
0.812802 18 0.998033
0.812609 18 0.998045
0.812415 18 0.998048
0.812222 18 0.99805
0.812029 18 0.99806
0.811835 18 0.998061
0.811642 18 0.998061
0.811448 18 0.998062
0.811255 18 0.998068
0.811062 18 0.998079
0.810868 18 0.998082
0.810675 18 0.998086
0.810482 18 0.998107
0.810288 18 0.998107
0.810095 18 0.998108
0.809901 18 0.998112
0.809708 18 0.99812
0.809515 18 0.998125
0.809321 18 0.998143
0.809128 18 0.998147
0.808934 18 0.998148
0.808741 18 0.99815
0.808548 18 0.998162
0.808354 18 0.998165
0.808161 18 0.998175
0.807968 18 0.998177
0.807774 18 0.998177
0.807581 18 0.998181
0.807387 18 0.998191
0.807194 18 0.998197
0.807001 18 0.99821
0.806807 18 0.998214
0.806614 18 0.998228
0.80642 18 0.998238
0.806227 18 0.998253
0.806034 18 0.998259
0.80584 18 0.998266
0.805647 18 0.998268
0.805453 18 0.998271
0.80526 18 0.998299
0.805067 18 0.998301
0.804873 18 0.998308
0.80468 18 0.998309
0.804487 18 0.998324
0.804293 18 0.998333
0.8041 18 0.998333
0.803906 18 0.998334
0.803713 18 0.998338
0.80352 18 0.998341
0.803326 18 0.99835
0.803133 18 0.998359
0.802939 18 0.998362
0.802746 18 0.998365
0.802553 18 0.998371
0.802359 18 0.998376
0.802166 18 0.998378
0.801973 18 0.998387
0.801973 17 0.998396
0.801779 17 0.998402
0.801586 17 0.998406
0.801392 17 0.998418
0.801199 17 0.998419
0.801006 17 0.998426
0.800812 17 0.998429
0.800619 17 0.998438
0.800425 17 0.99844
0.800232 17 0.998442
0.800039 17 0.998455
0.799845 17 0.998461
0.799652 17 0.998462
0.799459 17 0.998464
0.799265 17 0.998464
0.799072 17 0.998466
0.798878 16 0.998469
0.798685 16 0.998477
0.798492 16 0.998479
0.798298 16 0.998489
0.798105 16 0.998498
0.797911 16 0.998506
0.797718 16 0.998507
0.797525 16 0.998509
0.797331 16 0.998519
0.797138 16 0.998524
0.796944 16 0.998524
0.796751 16 0.998535
0.796558 16 0.998543
0.796364 16 0.998544
0.796171 16 0.99856
0.795978 16 0.998568
0.795784 16 0.998582
0.795784 15 0.998583
0.795591 15 0.998583
0.795397 15 0.998586
0.795204 15 0.998608
0.795011 15 0.998609
0.794817 15 0.998614
0.794624 15 0.998614
0.79443 15 0.998615
0.794237 15 0.998619
0.794044 15 0.998627
0.79385 15 0.99863
0.793657 15 0.998635
0.793464 15 0.998637
0.79327 15 0.998646
0.793077 15 0.998662
0.792883 15 0.998663
0.79269 15 0.998669
0.792497 15 0.998682
0.792303 15 0.998686
0.79211 15 0.998686
0.791916 15 0.998687
0.791723 15 0.99869
0.79153 15 0.998693
0.791336 15 0.998702
0.791143 15 0.998706
0.79095 15 0.998707
0.790756 15 0.998708
0.790563 15 0.998708
0.790369 15 0.99871
0.790176 15 0.998713
0.789983 15 0.998715
0.789789 15 0.998718
0.789596 15 0.998724
0.789402 15 0.998724
0.789209 15 0.998731
0.789016 15 0.998736
0.788822 15 0.998736
0.788629 15 0.998738
0.788436 15 0.998738
0.788242 15 0.998747
0.788049 15 0.998747
0.787855 15 0.998749
0.787662 15 0.998754
0.787469 15 0.99876
0.787275 15 0.998764
0.787082 15 0.998773
0.786888 15 0.998778
0.786695 15 0.998781
0.786502 15 0.998786
0.786308 15 0.998791
0.786115 15 0.998791
0.785921 15 0.998793
0.785728 15 0.998797
0.785728 14 0.998802
0.785535 14 0.998804
0.785341 14 0.998805
0.785148 14 0.998807
0.784955 14 0.998807
0.784761 14 0.998811
0.784568 14 0.998814
0.784374 14 0.998816
0.784181 14 0.998819
0.783988 14 0.998819
0.783794 14 0.998825
0.783601 14 0.998842
0.783601 13 0.998852
0.783407 13 0.998862
0.783214 13 0.998866
0.783021 13 0.998866
0.782827 13 0.998871
0.782634 13 0.998876
0.782441 13 0.998876
0.782247 13 0.998877
0.782054 13 0.99888
0.78186 13 0.998881
0.781667 13 0.998883
0.781474 13 0.998889
0.78128 13 0.998889
0.781087 13 0.998895
0.780893 13 0.998895
0.7807 13 0.998901
0.780507 13 0.998906
0.780313 13 0.998906
0.78012 13 0.998907
0.779927 13 0.998909
0.779733 13 0.99891
0.77954 13 0.998914
0.779346 13 0.998917
0.779153 13 0.998917
0.77896 13 0.998918
0.778766 13 0.998927
0.778573 13 0.998929
0.778379 13 0.998931
0.778186 13 0.998932
0.777993 13 0.998933
0.777799 13 0.998938
0.777606 13 0.998939
0.777412 13 0.998941
0.777219 13 0.998943
0.777026 13 0.998945
0.776832 13 0.998951
0.776639 13 0.998955
0.776446 13 0.99896
0.776252 13 0.998966
0.776059 13 0.998968
0.775865 13 0.998971
0.775672 13 0.998972
0.775479 13 0.998981
0.775285 13 0.998982
0.775092 13 0.998982
0.774898 13 0.998984
0.774705 13 0.998987
0.774512 13 0.99899
0.774318 13 0.99899
0.774125 13 0.998994
0.773932 13 0.999
0.773738 13 0.999002
0.773545 13 0.999002
0.773351 13 0.999003
0.773158 13 0.999008
0.772965 13 0.999009
0.772771 13 0.999009
0.772578 13 0.999012
0.772384 13 0.999023
0.772191 13 0.999023
0.771998 13 0.999024
0.771804 13 0.999025
0.771611 13 0.999025
0.771418 13 0.999029
0.771224 13 0.999029
0.771031 13 0.999032
0.770837 13 0.999045
0.770644 13 0.999047
0.770451 13 0.999053
0.770257 13 0.999054
0.770064 13 0.999057
0.76987 13 0.999062
0.769484 13 0.999062
0.76929 13 0.999068
0.769097 13 0.99907
0.768904 13 0.999076
0.76871 13 0.999084
0.768517 13 0.999084
0.768323 13 0.999085
0.76813 13 0.999093
0.767937 13 0.999095
0.767743 13 0.9991
0.76755 13 0.999105
0.767356 13 0.999106
0.767163 13 0.999106
0.76697 13 0.999109
0.766776 13 0.999109
0.766583 13 0.999111
0.766389 13 0.999112
0.766196 12 0.999115
0.766003 12 0.999117
0.765809 12 0.99912
0.765616 12 0.999121
0.765616 11 0.999123
0.765423 11 0.999125
0.765229 11 0.999128
0.765036 11 0.999129
0.764842 11 0.999131
0.764649 11 0.999134
0.764456 11 0.999135
0.764262 11 0.999136
0.763875 11 0.999141
0.763682 11 0.999142
0.763489 11 0.999142
0.763295 11 0.999149
0.763102 11 0.999153
0.762909 11 0.999153
0.762715 11 0.999155
0.762522 11 0.999157
0.762328 11 0.99916
0.762135 11 0.999166
0.761942 11 0.999167
0.761748 11 0.999169
0.761555 11 0.99917
0.761361 11 0.99917
0.760975 11 0.999181
0.760781 11 0.999184
0.760588 11 0.999185
0.760395 11 0.99919
0.760201 11 0.999191
0.760008 11 0.999194
0.759814 11 0.999198
0.759621 11 0.9992
0.759428 11 0.9992
0.759234 11 0.999202
0.759041 11 0.999203
0.758847 11 0.999203
0.758654 11 0.999204
0.758461 11 0.999204
0.758267 11 0.999208
0.758074 11 0.999214
0.75788 11 0.999215
0.757687 11 0.999215
0.757494 11 0.999216
0.7573 11 0.999219
0.757107 11 0.999224
0.757107 10 0.999224
0.756914 10 0.999226
0.75672 10 0.999227
0.756527 10 0.999228
0.756333 10 0.999229
0.75614 10 0.999233
0.755947 10 0.999236
0.755753 10 0.999236
0.75556 10 0.999236
0.755366 10 0.999239
0.754786 10 0.999239
0.754593 10 0.999241
0.7544 10 0.999241
0.754206 10 0.999242
0.754013 10 0.999248
0.753819 10 0.99925
0.753626 10 0.999252
0.753433 10 0.999256
0.753239 10 0.999257
0.753046 10 0.999258
0.752852 10 0.999258
0.752659 10 0.99926
0.752466 10 0.999263
0.752272 10 0.999264
0.752079 10 0.999265
0.751886 10 0.999265
0.751692 10 0.999266
0.751499 10 0.999268
0.751305 10 0.99927
0.751112 10 0.999271
0.750725 10 0.999271
0.750532 10 0.999273
0.750338 10 0.999278
0.750145 10 0.999281
0.749952 10 0.999282
0.749758 10 0.999282
0.749565 10 0.999282
0.749371 10 0.999284
0.749178 10 0.999286
0.748985 10 0.999294
0.748791 10 0.999294
0.748598 10 0.999295
0.748405 10 0.999298
0.748211 10 0.999299
0.748018 10 0.9993
0.747824 10 0.999302
0.747631 10 0.999302
0.747438 10 0.999303
0.747244 10 0.999303
0.747051 10 0.999304
0.746857 10 0.999304
0.746664 10 0.999305
0.746664 9 0.999306
0.746471 9 0.999306
0.746277 9 0.999308
0.746084 9 0.999309
0.745891 9 0.999311
0.745697 9 0.999314
0.745504 9 0.999314
0.74531 9 0.999314
0.745117 9 0.999317
0.744924 9 0.999317
0.74473 9 0.999318
0.744537 9 0.99932
0.744343 9 0.999324
0.74415 9 0.999325
0.743763 9 0.999325
0.74357 9 0.999327
0.743183 9 0.999327
0.74299 9 0.999327
0.742796 9 0.999331
0.742603 9 0.999331
0.74241 9 0.999333
0.742216 9 0.999333
0.742023 9 0.999335
0.741829 9 0.999339
0.741636 9 0.999342
0.741443 9 0.999343
0.741249 9 0.999343
0.741056 9 0.999343
0.740863 9 0.999344
0.740669 9 0.999348
0.740476 9 0.999349
0.740476 8 0.999351
0.740282 8 0.999352
0.740089 8 0.999354
0.739896 8 0.999356
0.739702 8 0.999357
0.739509 8 0.999358
0.739315 8 0.999361
0.739122 8 0.999366
0.738929 8 0.999369
0.738735 8 0.999374
0.738542 8 0.999375
0.738348 8 0.999375
0.738155 8 0.999376
0.737962 8 0.999376
0.737768 8 0.999378
0.737575 8 0.999378
0.737382 8 0.999379
0.737188 8 0.999381
0.736995 8 0.999383
0.736801 8 0.999384
0.736608 8 0.999385
0.736415 8 0.999389
0.736221 8 0.99939
0.736028 8 0.999391
0.735834 8 0.999391
0.735641 8 0.999393
0.735448 8 0.999397
0.735254 8 0.999398
0.735061 8 0.999399
0.734868 8 0.999399
0.734674 8 0.999401
0.734481 8 0.999405
0.734287 8 0.999406
0.734094 8 0.999408
0.733901 8 0.999412
0.733707 8 0.999413
0.733514 8 0.999419
0.73332 8 0.99942
0.733127 8 0.999421
0.732934 8 0.999422
0.73274 8 0.999422
0.732547 8 0.999423
0.732354 8 0.999424
0.73216 8 0.999426
0.731967 8 0.999427
0.731773 8 0.999428
0.73158 8 0.999428
0.731387 8 0.999429
0.731193 8 0.999429
0.731 8 0.99943
0.730806 8 0.999431
0.730613 8 0.999431
0.73042 8 0.999435
0.730226 8 0.999436
0.729839 8 0.999437
0.729646 8 0.999441
0.729453 8 0.999444
0.729259 8 0.999444
0.729066 8 0.999445
0.728873 8 0.999448
0.728679 8 0.999449
0.728486 8 0.999451
0.728292 8 0.999452
0.728099 8 0.999453
0.727906 8 0.999455
0.727712 8 0.999455
0.727519 8 0.999457
0.727325 8 0.999457
0.727132 8 0.999459
0.726939 8 0.999461
0.726552 8 0.999463
0.726359 8 0.999463
0.726165 8 0.999466
0.725972 8 0.999467
0.725778 8 0.99947
0.725585 8 0.999472
0.725392 8 0.999474
0.725198 8 0.999474
0.725005 8 0.999474
0.725005 7 0.999475
0.724811 7 0.999476
0.724618 7 0.999476
0.724425 7 0.999477
0.724231 7 0.999479
0.724038 7 0.999481
0.723845 7 0.999482
0.723458 7 0.999483
0.723264 7 0.999485
0.723071 7 0.999486
0.722878 7 0.999489
0.722684 7 0.99949
0.722491 7 0.999491
0.722297 7 0.999493
0.722104 7 0.999496
0.721911 7 0.999496
0.721717 7 0.999497
0.721524 7 0.999497
0.72133 7 0.999498
0.721137 7 0.999498
0.720944 7 0.999502
0.72075 7 0.999502
0.720557 7 0.999504
0.720364 7 0.999504
0.72017 7 0.999505
0.719977 7 0.999506
0.719783 7 0.999509
0.71959 7 0.99951
0.719397 7 0.999511
0.719203 7 0.999514
0.71901 7 0.999514
0.718816 7 0.999516
0.718623 7 0.999516
0.71843 7 0.999517
0.718236 7 0.999518
0.718043 7 0.99952
0.71785 7 0.99952
0.717656 7 0.999522
0.717269 7 0.999523
0.717076 7 0.999524
0.716883 7 0.999524
0.716689 7 0.999525
0.716689 6 0.999525
0.716496 6 0.999525
0.716302 6 0.999526
0.716109 6 0.999527
0.715916 6 0.999527
0.715722 6 0.999527
0.715529 6 0.999529
0.715336 6 0.999529
0.715142 6 0.999531
0.714949 6 0.999532
0.714755 6 0.999534
0.714562 6 0.999535
0.714369 6 0.999535
0.714175 6 0.999537
0.713982 6 0.999538
0.713788 6 0.999539
0.713402 6 0.99954
0.713208 6 0.999542
0.713015 6 0.999543
0.712822 6 0.999545
0.712628 6 0.999546
0.712435 6 0.999548
0.712241 6 0.999549
0.712048 6 0.999549
0.711855 6 0.99955
0.711661 6 0.999551
0.711468 6 0.999552
0.711274 6 0.999553
0.711081 6 0.999553
0.710888 6 0.999554
0.710694 6 0.999556
0.710501 6 0.999557
0.710307 6 0.999558
0.710114 6 0.999559
0.709921 6 0.99956
0.709727 6 0.99956
0.709534 6 0.999562
0.709341 6 0.999563
0.709147 6 0.999564
0.708954 6 0.999565
0.70876 6 0.999566
0.708374 6 0.999567
0.70818 6 0.999568
0.707987 6 0.999569
0.707793 6 0.999572
0.7076 6 0.999572
0.707407 6 0.999575
0.707213 6 0.999575
0.70702 6 0.999575
0.706827 6 0.999577
0.706633 6 0.999579
0.70644 6 0.99958
0.706053 6 0.99958
0.70586 6 0.999581
0.705666 6 0.999581
0.705473 6 0.999581
0.705279 6 0.999581
0.705086 6 0.999582
0.704893 6 0.999583
0.704699 6 0.999583
0.704506 6 0.999585
0.704313 6 0.999585
0.704119 6 0.999586
0.703926 6 0.999586
0.703732 6 0.999587
0.703539 6 0.999587
0.703346 6 0.999588
0.703152 6 0.99959
0.702959 6 0.99959
0.702765 6 0.999591
0.702572 6 0.999592
0.702185 6 0.999592
0.701992 6 0.999592
0.701798 6 0.999592
0.701605 6 0.999593
0.701412 6 0.999593
0.701218 6 0.999595
0.701025 6 0.999595
0.700832 6 0.999595
0.700638 6 0.999597
0.700445 6 0.999597
0.700251 6 0.999598
0.700058 6 0.9996
0.700058 5 0.999601
0.699865 5 0.999602
0.699671 5 0.999602
0.699478 5 0.999603
0.699284 5 0.999604
0.699091 5 0.999604
0.698898 5 0.999605
0.698704 5 0.999606
0.698511 5 0.999606
0.698318 5 0.999607
0.698124 5 0.999608
0.697931 5 0.99961
0.697737 5 0.999611
0.697544 5 0.999612
0.697351 5 0.999613
0.697157 5 0.999613
0.696964 5 0.999617
0.69677 5 0.999617
0.696577 5 0.999618
0.69619 5 0.999618
0.695997 5 0.999619
0.695804 5 0.999619
0.69561 5 0.999621
0.695417 5 0.999621
0.695223 5 0.999621
0.69503 5 0.999622
0.694837 5 0.999622
0.69445 5 0.999623
0.694256 5 0.999624
0.694063 5 0.999624
0.69387 5 0.999625
0.693676 5 0.999625
0.693483 5 0.999626
0.693289 5 0.999628
0.693096 5 0.999629
0.692903 5 0.999629
0.692709 5 0.999633
0.692323 5 0.999633
0.692129 5 0.999634
0.691936 5 0.999635
0.691742 5 0.999636
0.691549 5 0.999636
0.691356 5 0.999637
0.691162 5 0.999637
0.690969 5 0.999638
0.690775 5 0.999638
0.690582 5 0.999638
0.690389 5 0.999639
0.690195 5 0.999642
0.690002 5 0.999642
0.689809 5 0.999643
0.689615 5 0.999644
0.689422 5 0.999644
0.689035 5 0.999645
0.688842 5 0.999646
0.688455 5 0.999646
0.688261 5 0.999647
0.688068 5 0.999648
0.687875 5 0.99965
0.687681 5 0.999651
0.687488 5 0.999652
0.687295 5 0.999653
0.687101 5 0.999653
0.686908 5 0.999654
0.686714 5 0.999654
0.686521 5 0.999655
0.686328 5 0.999656
0.686134 5 0.999657
0.685941 5 0.999657
0.685554 5 0.999657
0.685167 5 0.999658
0.684974 5 0.999659
0.684781 5 0.999659
0.684587 5 0.999659
0.684394 5 0.999659
0.6842 5 0.99966
0.684007 5 0.99966
0.683814 5 0.999661
0.68362 5 0.999663
0.683427 5 0.999664
0.683233 5 0.999664
0.68304 5 0.999665
0.682847 5 0.999666
0.682653 5 0.999666
0.68246 5 0.999666
0.682266 5 0.999666
0.682073 5 0.999666
0.68188 5 0.999667
0.681686 5 0.999668
0.681493 5 0.999668
0.681106 5 0.999669
0.680913 5 0.999669
0.680719 5 0.999671
0.680333 5 0.999671
0.680139 5 0.999673
0.679946 5 0.999673
0.679752 5 0.999675
0.679559 5 0.999676
0.679366 5 0.999679
0.679172 5 0.999679
0.678979 5 0.999681
0.678592 5 0.999681
0.678399 5 0.999682
0.678205 5 0.999682
0.678012 5 0.999683
0.677819 5 0.999684
0.677625 5 0.999685
0.677432 5 0.999687
0.677238 5 0.999688
0.677045 5 0.999688
0.676852 5 0.99969
0.676658 5 0.99969
0.676465 5 0.999692
0.676272 5 0.999692
0.676078 5 0.999692
0.675885 5 0.999694
0.675691 5 0.999694
0.675498 5 0.999694
0.675305 5 0.999695
0.675111 5 0.999695
0.674918 5 0.999695
0.674724 5 0.999695
0.674531 5 0.999696
0.674338 5 0.999696
0.674144 5 0.999696
0.673951 5 0.999697
0.673757 5 0.999697
0.673564 5 0.999698
0.673177 5 0.999699
0.672984 5 0.999701
0.672791 5 0.999702
0.672597 5 0.999703
0.672404 5 0.999703
0.67221 5 0.999704
0.672017 5 0.999704
0.671824 5 0.999704
0.67163 5 0.999705
0.671437 5 0.999705
0.671243 5 0.999706
0.67105 5 0.999707
0.670857 5 0.999707
0.670663 5 0.999708
0.67047 5 0.999708
0.670277 5 0.999708
0.670083 5 0.999709
0.66989 5 0.999709
0.669696 5 0.99971
0.669503 5 0.999711
0.66931 5 0.999711
0.669116 5 0.999712
0.668923 5 0.999712
0.668536 5 0.999712
0.668343 5 0.999713
0.668149 5 0.999716
0.667956 5 0.999718
0.667763 5 0.99972
0.667569 5 0.99972
0.667376 5 0.999721
0.667182 5 0.999723
0.666989 5 0.999724
0.666796 5 0.999724
0.666409 5 0.999725
0.666215 5 0.999725
0.666022 5 0.999726
0.665829 5 0.999727
0.665635 5 0.999727
0.665442 5 0.999727
0.665249 5 0.999727
0.665055 5 0.999728
0.664668 5 0.999728
0.664475 5 0.999729
0.664282 5 0.99973
0.663895 5 0.99973
0.663701 5 0.99973
0.663508 5 0.999731
0.663315 5 0.999731
0.663121 5 0.999733
0.662928 5 0.999733
0.662541 5 0.999733
0.662348 5 0.999734
0.662154 5 0.999735
0.661961 5 0.999735
0.661768 5 0.999736
0.661574 5 0.999736
0.661381 5 0.999737
0.661187 5 0.999738
0.660994 5 0.999739
0.660801 5 0.999739
0.660607 5 0.999739
0.660414 5 0.999739
0.66022 5 0.99974
0.660027 5 0.99974
0.659834 5 0.99974
0.659447 5 0.999741
0.659254 5 0.999741
0.658867 5 0.999741
0.658673 5 0.999743
0.65848 5 0.999743
0.658287 5 0.999744
0.658093 5 0.999744
0.6579 5 0.999745
0.657706 5 0.999746
0.657513 5 0.999746
0.65732 5 0.999746
0.657126 5 0.999747
0.65674 5 0.999747
0.656546 5 0.999748
0.656353 5 0.999748
0.655966 5 0.999749
0.655773 5 0.99975
0.655579 5 0.999752
0.655386 5 0.999752
0.655192 5 0.999752
0.654999 5 0.999753
0.654806 5 0.999754
0.654612 5 0.999755
0.654419 5 0.999755
0.654225 5 0.999756
0.654032 5 0.999756
0.653839 5 0.999757
0.653645 5 0.999758
0.653259 5 0.999758
0.653065 5 0.999758
0.652872 5 0.999758
0.652678 5 0.999759
0.652485 5 0.999759
0.652292 5 0.999759
0.651905 5 0.99976
0.651711 5 0.999761
0.651325 5 0.999761
0.651131 5 0.999761
0.650745 5 0.999762
0.650551 5 0.999762
0.650358 5 0.999763
0.650164 5 0.999763
0.649971 5 0.999764
0.649584 5 0.999765
0.649391 5 0.999765
0.649004 5 0.999765
0.648811 5 0.999766
0.648617 5 0.999767
0.648424 5 0.999768
0.648037 5 0.999771
0.648037 4 0.999771
0.64765 4 0.999772
0.647457 4 0.999774
0.647264 4 0.999774
0.64707 4 0.999774
0.646683 4 0.999775
0.64649 4 0.999775
0.646297 4 0.999776
0.646103 4 0.999777
0.645716 4 0.999777
0.64533 4 0.999778
0.645136 4 0.999778
0.644943 4 0.999778
0.644556 4 0.999779
0.644363 4 0.999779
0.644169 4 0.999779
0.643976 4 0.999779
0.643783 4 0.99978
0.643589 4 0.999781
0.643396 4 0.999781
0.642816 4 0.999781
0.642429 4 0.999782
0.642042 4 0.999782
0.641849 4 0.999783
0.641655 4 0.999784
0.641462 4 0.999784
0.641075 4 0.999785
0.640882 4 0.999786
0.640688 4 0.999786
0.640495 4 0.999786
0.640302 4 0.999786
0.639915 4 0.999786
0.639722 4 0.999787
0.639528 4 0.999787
0.639335 4 0.999787
0.639141 4 0.999788
0.638948 4 0.999788
0.638755 4 0.999789
0.638561 4 0.999789
0.638368 4 0.99979
0.638174 4 0.99979
0.637788 4 0.999791
0.637594 4 0.999791
0.637208 4 0.999792
0.636821 4 0.999792
0.636627 4 0.999792
0.636434 4 0.999793
0.636241 4 0.999794
0.636047 4 0.999794
0.635854 4 0.999795
0.63566 4 0.999796
0.635467 4 0.999796
0.635274 4 0.999796
0.63508 4 0.999796
0.634887 4 0.999797
0.634693 4 0.999797
0.6345 4 0.999798
0.63392 4 0.999798
0.633727 4 0.999799
0.633533 4 0.999799
0.63334 4 0.9998
0.633146 4 0.999801
0.632953 4 0.999802
0.63276 4 0.999803
0.632566 4 0.999804
0.632373 4 0.999804
0.632179 4 0.999805
0.631986 4 0.999805
0.631793 4 0.999805
0.631406 4 0.999806
0.631213 4 0.999806
0.631019 4 0.999806
0.630439 4 0.999807
0.630246 4 0.999807
0.630052 4 0.999807
0.629665 4 0.999808
0.629472 4 0.999808
0.629279 4 0.999809
0.629085 4 0.999809
0.628892 4 0.99981
0.628699 4 0.99981
0.628505 4 0.999811
0.628312 4 0.999812
0.627925 4 0.999812
0.627732 4 0.999812
0.627538 4 0.999813
0.627345 4 0.999813
0.627151 4 0.999814
0.626958 4 0.999814
0.626765 4 0.999815
0.626571 4 0.999815
0.626378 4 0.999815
0.626184 4 0.999815
0.625991 4 0.999816
0.625798 4 0.999816
0.625604 4 0.999817
0.625411 4 0.999818
0.625218 4 0.999818
0.625024 4 0.999818
0.624637 4 0.999819
0.624444 4 0.999819
0.624251 4 0.999819
0.624057 4 0.999819
0.623864 4 0.99982
0.62367 4 0.99982
0.623284 4 0.99982
0.62309 4 0.999821
0.622897 4 0.999821
0.622704 4 0.999822
0.62251 4 0.999823
0.622317 4 0.999823
0.622123 4 0.999823
0.62193 4 0.999823
0.621737 4 0.999824
0.621543 4 0.999824
0.62135 4 0.999824
0.621156 4 0.999824
0.620963 4 0.999825
0.620383 4 0.999825
0.62019 4 0.999825
0.619996 4 0.999825
0.619803 4 0.999825
0.619609 4 0.999826
0.619416 4 0.999826
0.618836 4 0.999826
0.618642 4 0.999826
0.618449 4 0.999826
0.618256 4 0.999827
0.618062 4 0.999827
0.617869 4 0.999828
0.617675 4 0.999828
0.617482 4 0.999828
0.617289 4 0.999828
0.617095 4 0.999828
0.616902 4 0.999828
0.616515 4 0.999829
0.616322 4 0.99983
0.615935 4 0.99983
0.615355 4 0.99983
0.615161 4 0.999831
0.614968 4 0.999831
0.614775 4 0.999831
0.614388 4 0.999832
0.614195 4 0.999832
0.613808 4 0.999832
0.613614 4 0.999833
0.613421 4 0.999833
0.613228 4 0.999834
0.613034 4 0.999834
0.612647 4 0.999834
0.612454 4 0.999834
0.612261 4 0.999835
0.612067 4 0.999835
0.611874 4 0.999835
0.611681 4 0.999835
0.611487 4 0.999836
0.611294 4 0.999836
0.6111 4 0.999836
0.610907 4 0.999837
0.610714 4 0.999837
0.61052 4 0.999838
0.610327 4 0.999838
0.610133 4 0.999839
0.60994 4 0.999839
0.609747 4 0.99984
0.609553 4 0.99984
0.60936 4 0.99984
0.609167 4 0.99984
0.608973 4 0.999841
0.60878 4 0.999841
0.608586 4 0.999841
0.608393 4 0.999841
0.6082 4 0.999841
0.608006 4 0.999842
0.607619 4 0.999842
0.607426 4 0.999842
0.607233 4 0.999842
0.607039 4 0.999843
0.606846 4 0.999843
0.606652 4 0.999843
0.606459 4 0.999844
0.606266 4 0.999844
0.606072 4 0.999844
0.605879 4 0.999844
0.605686 4 0.999844
0.605492 4 0.999845
0.605299 4 0.999845
0.604912 4 0.999846
0.604719 4 0.999846
0.604525 4 0.999846
0.604138 4 0.999846
0.603752 4 0.999847
0.603558 4 0.999847
0.603365 4 0.999847
0.603172 4 0.999848
0.602978 4 0.999848
0.602785 4 0.999849
0.602398 4 0.99985
0.602205 4 0.99985
0.602011 4 0.99985
0.601818 4 0.99985
0.601624 4 0.999851
0.601431 4 0.999851
0.601238 4 0.999852
0.600464 4 0.999852
0.600271 4 0.999852
0.600077 4 0.999853
0.599884 4 0.999853
0.599497 4 0.999853
0.59911 4 0.999853
0.598917 4 0.999853
0.598724 4 0.999854
0.59853 4 0.999854
0.598337 4 0.999854
0.598143 4 0.999855
0.597757 4 0.999855
0.597563 4 0.999855
0.59737 4 0.999855
0.597177 4 0.999856
0.596983 4 0.999856
0.596596 4 0.999856
0.596403 4 0.999856
0.596016 4 0.999857
0.595823 4 0.999857
0.595629 4 0.999857
0.595243 4 0.999857
0.595049 4 0.999858
0.594663 4 0.999858
0.594469 4 0.999859
0.594082 4 0.999859
0.593889 4 0.999859
0.593696 4 0.99986
0.593309 4 0.99986
0.593115 4 0.99986
0.592922 4 0.999861
0.592535 4 0.999861
0.592342 4 0.999861
0.591955 4 0.999862
0.591762 4 0.999862
0.591568 4 0.999862
0.591182 4 0.999862
0.590795 4 0.999862
0.590795 3 0.999863
0.590601 3 0.999863
0.590215 3 0.999863
0.589635 3 0.999863
0.589441 3 0.999864
0.589248 3 0.999864
0.589054 3 0.999864
0.588861 3 0.999865
0.588668 3 0.999865
0.588281 3 0.999865
0.588087 3 0.999866
0.587894 3 0.999866
0.587701 3 0.999866
0.587507 3 0.999866
0.587314 3 0.999866
0.58712 3 0.999867
0.586927 3 0.999867
0.58654 3 0.999867
0.586347 3 0.999868
0.58596 3 0.999868
0.585767 3 0.999868
0.585573 3 0.999869
0.58538 3 0.999869
0.585187 3 0.999869
0.5848 3 0.999869
0.584606 3 0.99987
0.58422 3 0.99987
0.584026 3 0.999871
0.58364 3 0.999871
0.583059 3 0.999871
0.582673 3 0.999871
0.582479 3 0.999871
0.582286 3 0.999871
0.582092 3 0.999872
0.581899 3 0.999872
0.581512 3 0.999873
0.581319 3 0.999873
0.581126 3 0.999873
0.580739 3 0.999873
0.580352 3 0.999873
0.579965 3 0.999874
0.579578 3 0.999874
0.579192 3 0.999875
0.578998 3 0.999875
0.578611 3 0.999875
0.578418 3 0.999875
0.578225 3 0.999875
0.577838 3 0.999876
0.577645 3 0.999876
0.577451 3 0.999876
0.577064 3 0.999877
0.576871 3 0.999878
0.576678 3 0.999878
0.576291 3 0.999878
0.576097 3 0.999878
0.575904 3 0.999879
0.575711 3 0.999879
0.575517 3 0.999879
0.574937 3 0.999879
0.574744 3 0.999879
0.57455 3 0.99988
0.574164 3 0.99988
0.57397 3 0.99988
0.573777 3 0.999881
0.573583 3 0.999881
0.57339 3 0.999881
0.573197 3 0.999881
0.573003 3 0.999881
0.57281 3 0.999882
0.572617 3 0.999883
0.57223 3 0.999883
0.572036 3 0.999884
0.57165 3 0.999884
0.571456 3 0.999884
0.571263 3 0.999884
0.570876 3 0.999885
0.570683 3 0.999885
0.570489 3 0.999885
0.570296 3 0.999885
0.570102 3 0.999886
0.569909 3 0.999886
0.569716 3 0.999886
0.569329 3 0.999886
0.568942 3 0.999886
0.568555 3 0.999887
0.568362 3 0.999887
0.568169 3 0.999887
0.567975 3 0.999887
0.567782 3 0.999887
0.567202 3 0.999887
0.567008 3 0.999887
0.566815 3 0.999887
0.566428 3 0.999888
0.566041 3 0.999888
0.565848 3 0.999888
0.565655 3 0.999889
0.565461 3 0.999889
0.565074 3 0.999889
0.564881 3 0.999889
0.564688 3 0.999889
0.564494 3 0.999889
0.564301 3 0.99989
0.564108 3 0.99989
0.563914 3 0.99989
0.563527 3 0.999891
0.563334 2 0.999892
0.563141 2 0.999892
0.562754 2 0.999892
0.562174 2 0.999893
0.56198 2 0.999893
0.561787 2 0.999893
0.561594 2 0.999893
0.561207 2 0.999893
0.561013 2 0.999893
0.56082 2 0.999893
0.560433 2 0.999893
0.56024 2 0.999894
0.560046 2 0.999894
0.559853 2 0.999894
0.55966 2 0.999894
0.559466 2 0.999894
0.559273 2 0.999895
0.558886 2 0.999895
0.558693 2 0.999895
0.558113 2 0.999895
0.557919 2 0.999895
0.557726 2 0.999896
0.557532 2 0.999896
0.557146 2 0.999896
0.556952 2 0.999897
0.556565 2 0.999897
0.555985 2 0.999897
0.555599 2 0.999897
0.555405 2 0.999897
0.555212 2 0.999898
0.554825 2 0.999898
0.554438 2 0.999898
0.554245 2 0.999898
0.553858 2 0.999898
0.553471 2 0.999899
0.553278 2 0.999899
0.553085 2 0.999899
0.552891 2 0.9999
0.552311 2 0.9999
0.552118 2 0.9999
0.551731 2 0.9999
0.551537 2 0.9999
0.551344 2 0.9999
0.551151 2 0.999901
0.550957 2 0.999901
0.550764 2 0.999901
0.55057 2 0.999901
0.550377 2 0.999901
0.549604 2 0.999902
0.54941 2 0.999902
0.549217 2 0.999903
0.549023 2 0.999903
0.54883 2 0.999904
0.548443 2 0.999904
0.54825 2 0.999904
0.547863 2 0.999904
0.547476 2 0.999904
0.546896 2 0.999904
0.546509 2 0.999905
0.546123 2 0.999905
0.545736 2 0.999905
0.545156 2 0.999905
0.544962 2 0.999906
0.544769 2 0.999906
0.544576 2 0.999907
0.544382 2 0.999907
0.543995 2 0.999907
0.543802 2 0.999907
0.543415 2 0.999907
0.543028 2 0.999907
0.542835 2 0.999908
0.542642 2 0.999908
0.542448 2 0.999908
0.542255 2 0.999908
0.542061 2 0.999908
0.541868 2 0.999909
0.541481 2 0.999909
0.541288 2 0.999909
0.541095 2 0.999909
0.540708 2 0.999909
0.540514 2 0.99991
0.540128 2 0.99991
0.539741 2 0.99991
0.539354 2 0.99991
0.539161 2 0.999911
0.538967 2 0.999911
0.538774 2 0.999911
0.538581 2 0.999911
0.538387 2 0.999912
0.538194 2 0.999912
0.537614 2 0.999912
0.53742 2 0.999912
0.537227 2 0.999912
0.537033 2 0.999913
0.53684 2 0.999913
0.536453 2 0.999913
0.53626 2 0.999913
0.536067 2 0.999913
0.535873 1 0.999914
0.535486 1 0.999914
0.5351 1 0.999914
0.534519 1 0.999914
0.534133 1 0.999914
0.533746 1 0.999915
0.533553 1 0.999915
0.533359 1 0.999915
0.532586 1 0.999915
0.532392 1 0.999915
0.532199 1 0.999916
0.532005 1 0.999916
0.531812 1 0.999916
0.531425 1 0.999916
0.531038 1 0.999917
0.530458 1 0.999917
0.530072 1 0.999917
0.529685 1 0.999917
0.529491 1 0.999918
0.529298 1 0.999918
0.529105 1 0.999918
0.528718 1 0.999919
0.528524 1 0.999919
0.528138 1 0.999919
0.527944 1 0.999919
0.527751 1 0.999919
0.527364 1 0.999919
0.527171 1 0.99992
0.526977 1 0.99992
0.526784 1 0.999921
0.526591 1 0.999921
0.52601 1 0.999921
0.52543 1 0.999921
0.52485 1 0.999921
0.524463 1 0.999921
0.52427 1 0.999922
0.524077 1 0.999922
0.523883 1 0.999922
0.52369 1 0.999922
0.523496 1 0.999922
0.52311 1 0.999923
0.522529 1 0.999923
0.522336 1 0.999923
0.522143 1 0.999923
0.521949 1 0.999923
0.521756 1 0.999923
0.521563 1 0.999924
0.521369 1 0.999924
0.521176 1 0.999924
0.520596 1 0.999925
0.520209 1 0.999925
0.520015 1 0.999925
0.519822 1 0.999925
0.519629 1 0.999925
0.519242 1 0.999925
0.518855 1 0.999926
0.518662 1 0.999926
0.518082 1 0.999926
0.517308 1 0.999926
0.516921 1 0.999926
0.516341 1 0.999926
0.515954 1 0.999926
0.515374 1 0.999927
0.515181 1 0.999927
0.514987 1 0.999927
0.514794 1 0.999927
0.514214 1 0.999927
0.51402 1 0.999927
0.513827 1 0.999928
0.513634 1 0.999928
0.513054 1 0.999928
0.512667 1 0.999928
0.512087 1 0.999928
0.511893 1 0.999928
0.5117 1 0.999928
0.511506 1 0.999929
0.51112 1 0.999929
0.510733 1 0.999929
0.51054 1 0.999929
0.510153 1 0.99993
0.509766 1 0.99993
0.509573 1 0.99993
0.509379 1 0.99993
0.509186 1 0.99993
0.508606 1 0.99993
0.508412 1 0.99993
0.508219 1 0.999931
0.508026 1 0.999931
0.507832 1 0.999931
0.507445 1 0.999931
0.506865 1 0.999931
0.506672 1 0.999931
0.506285 1 0.999931
0.505705 1 0.999932
0.505318 1 0.999932
0.504931 1 0.999932
0.504738 1 0.999932
0.504545 1 0.999932
0.504158 1 0.999933
0.503964 1 0.999933
0.503771 1 0.999933
0.503578 1 0.999933
0.503384 1 0.999933
0.503191 1 0.999933
0.502997 1 0.999933
0.502804 1 0.999934
0.502611 1 0.999934
0.502417 1 0.999934
0.502224 1 0.999934
0.502031 1 0.999935
0.501644 1 0.999935
0.50145 1 0.999935
0.501064 1 0.999935
0.50087 1 0.999935
0.50029 1 0.999935
0.499903 1 0.999935
0.499517 1 0.999936
0.498743 1 0.999936
0.49855 1 0.999936
0.498163 1 0.999936
0.497776 1 0.999936
0.497389 1 0.999936
0.496809 1 0.999936
0.496616 1 0.999936
0.496422 1 0.999937
0.496229 1 0.999937
0.496036 1 0.999937
0.495842 1 0.999937
0.495455 1 0.999937
0.495069 1 0.999937
0.494875 1 0.999938
0.494682 1 0.999938
0.494295 1 0.999938
0.494102 1 0.999938
0.493715 1 0.999938
0.493522 1 0.999938
0.493328 1 0.999938
0.493135 1 0.999939
0.492941 1 0.999939
0.492748 1 0.999939
0.492555 1 0.999939
0.492168 1 0.999939
0.491974 1 0.999939
0.491781 1 0.999939
0.491394 1 0.99994
0.491201 1 0.99994
0.491008 1 0.99994
0.490814 1 0.99994
0.490621 1 0.99994
0.490041 1 0.99994
0.489847 1 0.99994
0.489654 1 0.999941
0.489074 1 0.999941
0.48888 1 0.999941
0.4883 1 0.999942
0.488107 1 0.999942
0.487913 1 0.999942
0.48714 1 0.999942
0.486946 1 0.999942
0.48656 1 0.999942
0.48598 1 0.999942
0.485593 1 0.999943
0.485206 1 0.999943
0.485013 1 0.999943
0.484626 1 0.999943
0.484432 1 0.999943
0.484046 1 0.999943
0.483659 1 0.999944
0.483272 1 0.999944
0.482885 1 0.999944
0.482112 1 0.999944
0.481725 1 0.999944
0.481532 1 0.999944
0.481145 1 0.999944
0.480565 1 0.999945
0.480371 1 0.999945
0.480178 1 0.999945
0.479791 1 0.999945
0.479598 1 0.999945
0.479211 1 0.999945
0.478824 1 0.999945
0.478437 1 0.999946
0.478051 1 0.999946
0.477857 1 0.999946
0.477664 1 0.999946
0.477277 1 0.999946
0.47689 1 0.999947
0.476697 1 0.999947
0.47631 1 0.999947
0.476117 1 0.999947
0.47573 1 0.999947
0.475343 1 0.999947
0.47457 1 0.999948
0.474183 1 0.999948
0.473796 1 0.999948
0.473216 1 0.999948
0.472829 1 0.999948
0.472636 1 0.999948
0.472442 1 0.999949
0.472249 1 0.999949
0.472056 1 0.999949
0.471669 1 0.999949
0.471282 1 0.999949
0.470895 1 0.999949
0.470509 1 0.999949
0.470315 1 0.99995
0.470122 1 0.99995
0.469735 1 0.99995
0.469348 1 0.99995
0.469155 1 0.99995
0.468768 1 0.99995
0.468381 1 0.99995
0.467801 1 0.99995
0.467608 1 0.999951
0.467414 1 0.999951
0.467028 1 0.999951
0.466641 1 0.999951
0.466254 1 0.999951
0.466061 1 0.999951
0.465867 1 0.999951
0.465287 1 0.999952
0.4649 1 0.999952
0.464707 1 0.999952
0.46432 1 0.999952
0.46316 1 0.999952
0.46258 1 0.999952
0.462193 1 0.999952
0.461806 1 0.999952
0.460839 1 0.999953
0.460646 1 0.999953
0.460453 1 0.999953
0.460259 1 0.999953
0.460066 1 0.999953
0.459679 1 0.999953
0.459486 1 0.999953
0.459099 1 0.999954
0.458905 1 0.999954
0.458712 1 0.999954
0.458519 1 0.999954
0.457939 1 0.999954
0.457552 1 0.999954
0.457358 1 0.999954
0.456778 1 0.999955
0.456391 1 0.999955
0.455424 1 0.999955
0.454651 1 0.999955
0.454264 1 0.999955
0.454071 1 0.999955
0.453877 1 0.999955
0.453684 1 0.999956
0.453104 1 0.999956
0.45291 1 0.999956
0.452524 1 0.999956
0.45233 1 0.999956
0.451944 1 0.999956
0.45175 1 0.999957
0.45117 1 0.999957
0.450977 1 0.999957
0.450783 1 0.999957
0.45059 1 0.999957
0.449816 1 0.999957
0.449623 1 0.999958
0.44943 1 0.999958
0.449236 1 0.999958
0.448849 1 0.999958
0.448463 1 0.999958
0.448076 1 0.999958
0.447302 1 0.999958
0.447109 1 0.999958
0.446722 1 0.999959
0.446335 1 0.999959
0.445949 1 0.999959
0.445755 1 0.999959
0.445175 1 0.999959
0.444595 1 0.999959
0.443628 1 0.999959
0.442854 1 0.999959
0.442468 1 0.99996
0.442081 1 0.99996
0.441694 1 0.99996
0.441501 1 0.99996
0.441114 1 0.99996
0.440534 1 0.99996
0.44034 1 0.99996
0.43976 1 0.99996
0.43918 1 0.999961
0.438793 1 0.999961
0.4386 1 0.999961
0.438406 1 0.999961
0.437826 1 0.999961
0.437053 1 0.999961
0.436666 1 0.999961
0.436279 1 0.999962
0.435892 1 0.999962
0.435312 1 0.999962
0.435119 1 0.999962
0.434926 1 0.999962
0.434345 1 0.999963
0.433765 1 0.999963
0.432992 1 0.999963
0.432412 1 0.999963
0.432025 1 0.999963
0.431445 1 0.999963
0.430671 1 0.999963
0.430478 1 0.999963
0.429317 1 0.999964
0.428157 1 0.999964
0.427577 1 0.999964
0.426803 1 0.999964
0.42661 1 0.999964
0.426417 1 0.999964
0.426223 1 0.999964
0.425643 1 0.999964
0.425256 1 0.999965
0.425063 1 0.999965
0.424483 1 0.999965
0.423129 1 0.999965
0.422355 1 0.999965
0.421969 1 0.999965
0.421582 1 0.999965
0.421195 1 0.999966
0.420422 1 0.999966
0.419261 1 0.999966
0.418874 1 0.999966
0.418681 1 0.999966
0.418294 1 0.999966
0.417521 1 0.999967
0.417134 1 0.999967
0.416554 1 0.999967
0.41636 1 0.999967
0.415974 1 0.999967
0.415587 1 0.999967
0.414427 1 0.999967
0.414233 1 0.999967
0.413653 1 0.999968
0.413266 1 0.999968
0.412686 1 0.999968
0.412493 1 0.999968
0.411719 1 0.999968
0.410946 1 0.999968
0.410172 1 0.999968
0.409592 1 0.999968
0.408818 1 0.999969
0.408432 1 0.999969
0.407851 1 0.999969
0.406304 1 0.999969
0.405918 1 0.999969
0.405724 1 0.999969
0.405531 1 0.999969
0.404951 1 0.999969
0.404371 1 0.999969
0.404177 1 0.99997
0.403597 1 0.99997
0.403404 1 0.99997
0.40263 1 0.99997
0.40147 1 0.99997
0.401276 1 0.99997
0.401083 1 0.99997
0.400696 1 0.99997
0.400503 1 0.999971
0.399342 1 0.999971
0.398762 1 0.999971
0.397795 1 0.999971
0.396828 1 0.999971
0.396055 1 0.999971
0.395281 1 0.999971
0.394895 1 0.999971
0.394701 1 0.999972
0.393928 1 0.999972
0.393154 1 0.999972
0.392574 1 0.999972
0.3918 1 0.999972
0.391607 1 0.999972
0.391414 1 0.999972
0.39122 1 0.999972
0.39064 1 0.999973
0.389673 1 0.999973
0.389093 1 0.999973
0.3889 1 0.999973
0.388126 1 0.999973
0.387159 1 0.999973
0.386772 1 0.999973
0.386386 1 0.999974
0.385419 1 0.999974
0.384839 1 0.999974
0.384645 1 0.999974
0.384258 1 0.999974
0.384065 1 0.999974
0.383485 1 0.999974
0.383098 1 0.999974
0.382518 1 0.999974
0.382131 1 0.999975
0.381938 1 0.999975
0.381164 1 0.999975
0.380777 1 0.999975
0.380197 1 0.999975
0.379617 1 0.999975
0.37923 1 0.999975
0.379037 1 0.999975
0.377877 1 0.999976
0.377296 1 0.999976
0.376716 1 0.999976
0.376136 1 0.999976
0.375943 1 0.999976
0.375169 1 0.999976
0.374782 1 0.999976
0.374396 1 0.999977
0.373235 1 0.999977
0.372849 1 0.999977
0.372462 1 0.999977
0.372075 1 0.999977
0.371688 1 0.999977
0.371495 1 0.999977
0.370915 1 0.999977
0.370335 1 0.999977
0.369561 1 0.999978
0.368981 1 0.999978
0.368014 1 0.999978
0.367627 1 0.999978
0.36666 1 0.999978
0.365887 1 0.999978
0.365307 1 0.999978
0.36492 1 0.999978
0.364533 1 0.999979
0.363759 1 0.999979
0.362986 1 0.999979
0.362792 1 0.999979
0.362406 1 0.999979
0.362019 1 0.999979
0.361826 1 0.999979
0.361245 1 0.999979
0.359892 1 0.999979
0.359312 1 0.99998
0.358151 1 0.99998
0.357184 1 0.99998
0.356217 1 0.99998
0.35467 1 0.99998
0.353897 1 0.99998
0.353317 1 0.99998
0.352736 1 0.99998
0.352156 1 0.999981
0.351383 1 0.999981
0.350609 1 0.999981
0.349642 1 0.999981
0.348675 1 0.999981
0.347902 1 0.999981
0.346935 1 0.999981
0.346741 1 0.999981
0.346355 1 0.999982
0.345194 1 0.999982
0.345001 1 0.999982
0.343454 1 0.999982
0.341907 1 0.999982
0.34094 1 0.999982
0.33978 1 0.999982
0.339393 1 0.999982
0.338426 1 0.999982
0.336685 1 0.999983
0.335912 1 0.999983
0.334751 0 0.999983
0.332818 0 0.999983
0.331851 0 0.999983
0.33069 0 0.999983
0.33011 0 0.999983
0.32895 0 0.999983
0.327983 0 0.999984
0.327403 0 0.999984
0.326436 0 0.999984
0.325662 0 0.999984
0.325082 0 0.999984
0.323922 0 0.999984
0.322568 0 0.999984
0.321408 0 0.999984
0.321021 0 0.999985
0.320634 0 0.999985
0.320248 0 0.999985
0.318894 0 0.999985
0.317347 0 0.999985
0.317153 0 0.999985
0.31638 0 0.999985
0.315026 0 0.999985
0.314059 0 0.999985
0.313286 0 0.999986
0.312319 0 0.999986
0.311739 0 0.999986
0.311352 0 0.999986
0.310772 0 0.999986
0.309611 0 0.999986
0.308838 0 0.999986
0.307871 0 0.999986
0.307097 0 0.999987
0.306711 0 0.999987
0.306517 0 0.999987
0.305937 0 0.999987
0.30381 0 0.999987
0.303423 0 0.999987
0.302843 0 0.999987
0.302456 0 0.999987
0.301489 0 0.999987
0.300135 0 0.999988
0.299555 0 0.999988
0.299168 0 0.999988
0.298588 0 0.999988
0.297041 0 0.999988
0.295494 0 0.999988
0.294527 0 0.999988
0.29298 0 0.999988
0.291046 0 0.999989
0.290466 0 0.999989
0.289499 0 0.999989
0.287952 0 0.999989
0.287178 0 0.999989
0.286792 0 0.999989
0.286212 0 0.999989
0.285631 0 0.999989
0.284278 0 0.99999
0.282731 0 0.99999
0.281764 0 0.99999
0.28099 0 0.99999
0.280217 0 0.99999
0.278476 0 0.99999
0.277509 0 0.99999
0.275769 0 0.99999
0.274802 0 0.99999
0.272868 0 0.999991
0.272094 0 0.999991
0.270741 0 0.999991
0.269387 0 0.999991
0.268227 0 0.999991
0.267646 0 0.999991
0.265713 0 0.999991
0.264746 0 0.999991
0.263779 0 0.999992
0.261652 0 0.999992
0.260491 0 0.999992
0.259331 0 0.999992
0.25759 0 0.999992
0.25585 0 0.999992
0.253529 0 0.999992
0.252176 0 0.999992
0.251209 0 0.999992
0.249468 0 0.999993
0.248308 0 0.999993
0.247341 0 0.999993
0.244634 0 0.999993
0.243473 0 0.999993
0.241539 0 0.999993
0.240959 0 0.999993
0.238832 0 0.999993
0.237091 0 0.999994
0.235931 0 0.999994
0.233997 0 0.999994
0.232063 0 0.999994
0.23071 0 0.999994
0.228969 0 0.999994
0.227035 0 0.999994
0.225102 0 0.999994
0.221814 0 0.999995
0.219687 0 0.999995
0.21872 0 0.999995
0.215626 0 0.999995
0.213498 0 0.999995
0.210598 0 0.999995
0.20905 0 0.999995
0.20731 0 0.999995
0.204796 0 0.999995
0.203056 0 0.999996
0.200155 0 0.999996
0.196867 0 0.999996
0.195513 0 0.999996
0.19358 0 0.999996
0.192032 0 0.999996
0.189132 0 0.999996
0.185071 0 0.999996
0.181396 0 0.999997
0.179462 0 0.999997
0.176175 0 0.999997
0.173661 0 0.999997
0.17134 0 0.999997
0.168826 0 0.999997
0.166506 0 0.999997
0.163218 0 0.999997
0.160704 0 0.999997
0.15703 0 0.999998
0.153355 0 0.999998
0.150068 0 0.999998
0.146974 0 0.999998
0.143106 0 0.999998
0.137884 0 0.999998
0.134597 0 0.999998
0.130342 0 0.999998
0.126475 0 0.999999
0.12106 0 0.999999
0.114871 0 0.999999
0.10849 0 0.999999
0.101528 0 0.999999
0.0966931 0 0.999999
0.0897312 0 0.999999
0.0819957 0 0.999999
0.0734868 0 1
0.0642042 0 1
0.0529878 0 1
0.0396442 0 1
0.0193386 0 1
0 0 1.79769e+308
