0.883388 48 0.800337
0.883195 48 0.802588
0.883195 47 0.803202
0.883001 47 0.807262
0.883001 46 0.809381
0.883001 45 0.811926
0.882808 45 0.819209
0.882808 44 0.819501
0.882615 44 0.819707
0.882421 44 0.824917
0.882228 44 0.832
0.882034 44 0.832216
0.881841 44 0.833373
0.881648 44 0.834188
0.881648 43 0.834226
0.881454 43 0.834964
0.881261 43 0.839984
0.881067 43 0.841058
0.880874 43 0.842093
0.880681 43 0.843874
0.880487 43 0.846465
0.880487 42 0.849158
0.880487 41 0.851951
0.880294 41 0.855853
0.880101 41 0.856392
0.880101 40 0.856501
0.879907 40 0.856711
0.879907 39 0.857885
0.879714 39 0.858975
0.879714 38 0.862515
0.87952 38 0.863124
0.879327 38 0.871816
0.879134 38 0.873473
0.87894 38 0.873561
0.878747 38 0.874749
0.878553 38 0.875759
0.87836 38 0.877299
0.878167 38 0.879765
0.878167 37 0.883558
0.877973 37 0.883664
0.87778 37 0.884194
0.877587 37 0.885378
0.877393 37 0.885624
0.8772 37 0.88846
0.877006 37 0.889892
0.876813 37 0.889979
0.87662 37 0.891353
0.876426 37 0.893741
0.876233 37 0.893849
0.876039 37 0.895183
0.875846 37 0.895283
0.875653 37 0.896154
0.875459 37 0.900088
0.875266 37 0.902496
0.875073 37 0.905371
0.874879 37 0.907534
0.874686 37 0.907752
0.874492 37 0.907966
0.874299 37 0.909813
0.874299 36 0.911034
0.874106 36 0.9114
0.873912 36 0.911516
0.873719 36 0.911636
0.873525 36 0.911882
0.873332 36 0.912012
0.873332 35 0.912584
0.873139 35 0.913188
0.872945 35 0.91493
0.872752 35 0.916037
0.872752 34 0.918917
0.872558 34 0.919639
0.872558 33 0.920428
0.872558 32 0.92141
0.872365 32 0.921798
0.872172 32 0.922074
0.871978 32 0.922453
0.871785 32 0.926227
0.871592 32 0.926336
0.871398 32 0.927244
0.871205 32 0.927579
0.871011 32 0.927857
0.870818 32 0.9285
0.870625 32 0.930812
0.870431 32 0.93303
0.870238 32 0.93379
0.870044 32 0.933972
0.869851 32 0.93449
0.869851 31 0.934971
0.869658 31 0.935042
0.869464 31 0.935885
0.869464 30 0.93711
0.869271 30 0.937296
0.869078 30 0.937429
0.868884 30 0.937461
0.868691 30 0.937553
0.868497 30 0.938066
0.868304 30 0.940558
0.868111 30 0.940933
0.867917 30 0.943707
0.867724 30 0.943894
0.86753 30 0.944294
0.867337 30 0.944897
0.867144 30 0.946387
0.86695 30 0.946894
0.866757 30 0.946903
0.866564 30 0.947728
0.86637 30 0.94959
0.866177 30 0.950756
0.865983 30 0.951003
0.86579 30 0.95144
0.865597 30 0.953812
0.865403 30 0.954841
0.86521 30 0.955424
0.865016 30 0.955996
0.864823 30 0.956054
0.864823 29 0.956119
0.864823 28 0.956158
0.86463 28 0.956277
0.864436 28 0.956972
0.864243 28 0.957069
0.86405 28 0.959833
0.863856 28 0.961167
0.863663 28 0.961335
0.863469 28 0.961719
0.863469 27 0.963125
0.863276 27 0.963311
0.863083 27 0.96373
0.862889 27 0.96392
0.862696 27 0.964859
0.862502 27 0.964971
0.862309 27 0.964973
0.862116 27 0.965142
0.861922 27 0.965383
0.861729 27 0.966412
0.861535 27 0.966993
0.861342 27 0.968142
0.861149 27 0.969145
0.860955 27 0.970202
0.860762 27 0.971415
0.860569 27 0.971757
0.860375 27 0.971779
0.860375 26 0.971865
0.860182 26 0.97202
0.859988 26 0.972298
0.859795 26 0.972485
0.859602 26 0.972619
0.859408 26 0.973742
0.859215 26 0.973814
0.859021 26 0.974259
0.858828 26 0.974477
0.858635 26 0.975327
0.858441 26 0.975346
0.858248 26 0.976953
0.858055 26 0.977118
0.858055 25 0.978055
0.857861 25 0.97855
0.857668 25 0.979139
0.857668 24 0.979337
0.857474 24 0.979805
0.857474 23 0.979841
0.857474 22 0.980103
0.857281 22 0.98027
0.857088 22 0.980492
0.856894 22 0.980526
0.856701 22 0.980602
0.856507 22 0.981475
0.856314 22 0.982168
0.856121 22 0.982628
0.855927 22 0.982998
0.855734 22 0.983022
0.855541 22 0.98367
0.855347 22 0.984064
0.855154 22 0.984272
0.855154 21 0.984551
0.85496 21 0.984721
0.854767 21 0.984941
0.854574 21 0.984965
0.85438 21 0.985269
0.854187 21 0.9855
0.853993 21 0.985645
0.8538 21 0.985716
0.853607 21 0.985777
0.853413 21 0.986205
0.85322 21 0.986503
0.853026 21 0.986603
0.852833 21 0.986744
0.852833 20 0.987143
0.852833 19 0.987341
0.85264 19 0.987615
0.852446 19 0.987644
0.852253 19 0.987707
0.85206 19 0.987914
0.85206 18 0.988019
0.851866 18 0.988046
0.851673 18 0.988117
0.851479 18 0.98815
0.851479 17 0.988178
0.851286 17 0.988301
0.851093 17 0.988316
0.850899 17 0.988379
0.850706 17 0.988554
0.850512 17 0.988733
0.850512 16 0.988952
0.850319 16 0.989022
0.850126 16 0.98914
0.849932 16 0.989204
0.849739 16 0.989601
0.849546 16 0.989666
0.849352 16 0.989888
0.849159 16 0.990024
0.848965 16 0.990079
0.848772 16 0.990085
0.848579 16 0.990167
0.848385 16 0.990227
0.848192 16 0.990452
0.847998 16 0.990462
0.847805 16 0.990463
0.847612 16 0.990492
0.847612 15 0.990802
0.847418 15 0.9909
0.847418 14 0.990913
0.847225 14 0.991254
0.847032 14 0.991269
0.846838 14 0.991327
0.846645 14 0.991362
0.846451 14 0.991472
0.846258 14 0.99149
0.846065 14 0.991535
0.845871 14 0.991791
0.845871 13 0.991966
0.845678 13 0.992429
0.845484 13 0.992435
0.845291 13 0.992847
0.845098 13 0.992976
0.844904 13 0.993246
0.844711 13 0.993405
0.844518 13 0.993453
0.844324 13 0.993471
0.844131 13 0.993649
0.843937 13 0.993822
0.843744 13 0.994057
0.843551 13 0.99413
0.843357 13 0.994507
0.843357 12 0.99459
0.843164 12 0.994665
0.84297 12 0.99468
0.842777 12 0.994762
0.842584 12 0.994812
0.84239 12 0.994877
0.842197 12 0.994909
0.842003 12 0.995152
0.84181 12 0.995179
0.84181 11 0.995186
0.841617 11 0.995202
0.841423 11 0.995231
0.84123 11 0.995357
0.840843 11 0.995376
0.84065 11 0.995405
0.84065 10 0.995522
0.840456 10 0.995584
0.840263 10 0.995681
0.84007 10 0.995716
0.839876 10 0.995731
0.839683 10 0.995825
0.839489 10 0.995832
0.839296 10 0.995935
0.839103 10 0.996087
0.838909 10 0.996091
0.838716 10 0.996093
0.838523 10 0.99611
0.838523 9 0.996134
0.838329 9 0.996212
0.838136 9 0.99634
0.837942 9 0.996371
0.837749 9 0.996396
0.837556 9 0.996519
0.837556 8 0.996536
0.837362 8 0.9966
0.837169 8 0.99668
0.836975 8 0.996681
0.836782 8 0.996714
0.836589 8 0.996715
0.836395 8 0.996749
0.836202 8 0.996799
0.836009 8 0.996915
0.835815 8 0.99697
0.835622 8 0.997014
0.835428 8 0.997089
0.835428 7 0.99709
0.835235 7 0.997184
0.835042 7 0.997227
0.834848 7 0.997248
0.834655 7 0.997256
0.834461 7 0.997307
0.834268 7 0.997399
0.834075 7 0.997427
0.833881 7 0.997537
0.833688 7 0.997556
0.833494 7 0.997586
0.833301 7 0.997596
0.833108 7 0.997656
0.832914 7 0.997728
0.832721 7 0.997748
0.832528 7 0.997753
0.832334 7 0.997763
0.832141 7 0.997815
0.831947 7 0.997818
0.831754 7 0.99782
0.831561 7 0.997867
0.831174 7 0.997911
0.83098 7 0.997967
0.830787 7 0.997986
0.830594 7 0.997996
0.8304 7 0.998021
0.830207 7 0.998034
0.830014 7 0.998051
0.82982 7 0.998135
0.829627 7 0.99816
0.829433 7 0.998197
0.82924 7 0.998207
0.829047 7 0.99821
0.828853 7 0.998301
0.82866 7 0.998321
0.828273 7 0.998325
0.82808 7 0.998353
0.827886 7 0.998354
0.827693 7 0.998355
0.827693 6 0.998374
0.8275 6 0.99838
0.827306 6 0.998392
0.827113 6 0.998394
0.826919 6 0.998418
0.826726 6 0.998427
0.826533 6 0.998431
0.826339 6 0.99844
0.826146 6 0.998448
0.825952 6 0.998513
0.825759 6 0.998559
0.825566 6 0.998563
0.825372 6 0.998599
0.825179 6 0.998611
0.824985 6 0.99862
0.824792 6 0.99865
0.824599 6 0.99867
0.824405 6 0.998703
0.824212 6 0.99871
0.824019 6 0.998725
0.823825 6 0.998742
0.823632 6 0.99877
0.823438 6 0.998785
0.823245 6 0.998801
0.823052 6 0.998804
0.822665 6 0.998828
0.822471 6 0.998831
0.822278 6 0.998842
0.822278 5 0.998843
0.822085 5 0.998848
0.821891 5 0.998851
0.821698 5 0.998899
0.821311 5 0.998916
0.821118 5 0.998919
0.820924 5 0.99892
0.820731 5 0.998931
0.820538 5 0.99897
0.820344 5 0.998973
0.820151 5 0.99898
0.819957 5 0.998987
0.819764 5 0.998989
0.819571 5 0.999012
0.819377 5 0.99904
0.819184 5 0.999048
0.818991 5 0.999049
0.818797 5 0.999051
0.818604 5 0.999095
0.81841 5 0.999106
0.818217 5 0.999119
0.818024 5 0.99912
0.81783 5 0.999127
0.817637 5 0.999128
0.817443 5 0.999142
0.81725 5 0.99916
0.817057 5 0.999163
0.816863 5 0.999175
0.81667 5 0.999176
0.816477 5 0.999187
0.816283 5 0.999198
0.81609 5 0.999217
0.815896 5 0.999221
0.815703 5 0.999273
0.81551 5 0.999281
0.815316 5 0.999299
0.815123 5 0.999302
0.814929 5 0.999306
0.814736 5 0.99933
0.814543 5 0.999334
0.814349 5 0.99934
0.814156 5 0.999353
0.813962 5 0.999354
0.813769 5 0.999355
0.813576 5 0.999361
0.813382 5 0.999363
0.813189 5 0.999367
0.812996 5 0.999374
0.812802 5 0.999379
0.812609 5 0.99938
0.812415 5 0.999394
0.812222 5 0.999401
0.812029 5 0.999409
0.811835 5 0.999411
0.811642 5 0.999419
0.811448 5 0.999428
0.811255 5 0.999442
0.811062 5 0.999443
0.810675 5 0.999453
0.810482 5 0.999455
0.810288 5 0.999456
0.810095 5 0.999458
0.809901 5 0.999467
0.809708 5 0.999472
0.809515 5 0.999474
0.809128 5 0.999481
0.808934 5 0.999486
0.808741 5 0.999491
0.808548 5 0.999494
0.808354 5 0.999501
0.808161 5 0.999507
0.807968 5 0.999509
0.807774 5 0.999514
0.807581 5 0.999518
0.807387 5 0.999519
0.807194 5 0.999521
0.807001 5 0.999522
0.806807 5 0.999529
0.806614 5 0.999538
0.806227 5 0.99954
0.806034 5 0.999543
0.80584 5 0.999574
0.805647 5 0.999576
0.805453 5 0.999581
0.80526 5 0.999593
0.805067 5 0.999605
0.804873 5 0.999607
0.80468 5 0.999611
0.804487 5 0.999619
0.804293 5 0.999621
0.8041 5 0.999622
0.803713 5 0.999636
0.80352 5 0.999638
0.803326 5 0.99964
0.803133 5 0.999647
0.802939 5 0.999648
0.802746 5 0.999653
0.802553 5 0.999655
0.802359 5 0.999659
0.802359 4 0.999662
0.802166 4 0.999673
0.801973 4 0.999675
0.801779 4 0.999681
0.801392 4 0.999682
0.801199 4 0.999686
0.800812 4 0.99969
0.800619 4 0.999693
0.800425 4 0.999697
0.800232 4 0.999707
0.800039 4 0.999716
0.799845 4 0.999719
0.799652 4 0.999724
0.799459 4 0.999725
0.799265 4 0.999726
0.799072 4 0.999728
0.798878 4 0.999734
0.798685 4 0.999735
0.798492 4 0.999736
0.798298 4 0.99974
0.798105 4 0.999747
0.797911 4 0.999751
0.797718 4 0.999753
0.797525 4 0.999755
0.797331 4 0.999756
0.797138 4 0.999767
0.796944 4 0.999768
0.796751 4 0.999773
0.796558 4 0.999776
0.796364 4 0.999783
0.796171 4 0.999784
0.795978 4 0.999785
0.795397 4 0.999788
0.795011 4 0.999789
0.794817 4 0.99979
0.794624 4 0.999791
0.794237 4 0.999793
0.79385 4 0.999794
0.793657 4 0.999795
0.793464 4 0.999797
0.79327 4 0.999802
0.793077 4 0.999803
0.792883 4 0.999805
0.79269 4 0.999806
0.792303 4 0.99981
0.79211 4 0.999811
0.791916 4 0.999813
0.791723 4 0.999814
0.79153 4 0.999819
0.791336 4 0.999821
0.791143 4 0.999825
0.79095 4 0.999827
0.79095 3 0.999828
0.790756 3 0.99983
0.790563 3 0.999831
0.790369 3 0.999836
0.790176 3 0.999839
0.789789 3 0.999843
0.789596 3 0.999845
0.789402 3 0.999847
0.789209 3 0.999848
0.788822 3 0.999849
0.788629 3 0.99985
0.788436 3 0.999853
0.788242 3 0.999854
0.788049 3 0.999855
0.787855 3 0.99986
0.787662 3 0.999863
0.787469 3 0.999864
0.787275 3 0.999866
0.787082 3 0.999867
0.786308 3 0.999868
0.786115 3 0.999869
0.785728 3 0.999872
0.785535 3 0.999873
0.785148 3 0.999874
0.784955 3 0.999877
0.784568 3 0.999878
0.784374 3 0.99988
0.783988 3 0.999881
0.783794 3 0.999882
0.783214 3 0.999883
0.782827 3 0.999884
0.782441 3 0.999885
0.782247 3 0.999887
0.782054 3 0.999888
0.78186 3 0.99989
0.781667 3 0.999891
0.781474 3 0.999892
0.78128 3 0.999894
0.780893 3 0.999895
0.780313 3 0.999897
0.78012 3 0.999899
0.779927 3 0.999901
0.77954 3 0.999902
0.779346 3 0.999904
0.778766 3 0.999905
0.778379 3 0.999907
0.777799 3 0.999908
0.777606 3 0.999909
0.777026 3 0.999911
0.777026 2 0.999912
0.776252 2 0.999913
0.776059 2 0.999914
0.775672 2 0.999915
0.775285 2 0.999916
0.774898 2 0.999917
0.774512 2 0.999921
0.774318 2 0.999922
0.773738 2 0.999923
0.773351 2 0.999924
0.772578 2 0.999925
0.772384 2 0.999926
0.771998 2 0.999928
0.771804 2 0.999929
0.771611 2 0.99993
0.771418 2 0.999931
0.770644 2 0.999932
0.770257 2 0.999933
0.76987 2 0.999934
0.76929 2 0.999935
0.769097 2 0.999936
0.76871 2 0.999937
0.768517 2 0.999938
0.76813 2 0.999939
0.767937 2 0.99994
0.76755 2 0.999941
0.767356 2 0.999942
0.766776 2 0.999945
0.766583 2 0.999946
0.766003 2 0.999948
0.765036 2 0.999949
0.764456 2 0.999951
0.764262 2 0.999952
0.763875 2 0.999953
0.763295 2 0.999954
0.762328 2 0.999955
0.761748 2 0.999956
0.761361 2 0.999957
0.760975 2 0.999958
0.760588 2 0.999959
0.760008 2 0.99996
0.759428 2 0.999962
0.758461 2 0.999963
0.75788 2 0.999964
0.7573 2 0.999965
0.757107 2 0.999966
0.756914 2 0.999967
0.755753 2 0.999968
0.755366 2 0.999969
0.754786 2 0.99997
0.7544 2 0.999971
0.753046 2 0.999972
0.752466 2 0.999973
0.751499 2 0.999974
0.750725 2 0.999975
0.749758 2 0.999976
0.748405 2 0.999977
0.747438 2 0.999978
0.747051 2 0.999979
0.745117 2 0.99998
0.74415 2 0.999981
0.743377 2 0.999982
0.742216 2 0.999983
0.741249 2 0.999984
0.740282 2 0.999985
0.738735 2 0.999986
0.736415 2 0.999987
0.734287 2 0.999988
0.73158 2 0.999989
0.729646 2 0.99999
0.727325 2 0.999991
0.725198 2 0.999992
0.721137 2 0.999993
0.718043 2 0.999994
0.714175 2 0.999995
0.70818 2 0.999996
0.700832 2 0.999997
0.690195 2 0.999998
0.674531 1 0.999999
0.636047 0 1
0 0 1.79769e+308
