0.928834 482 0.100068
0.928834 481 0.100619
0.928834 480 0.101449
0.928834 479 0.101479
0.92864 479 0.101494
0.92864 478 0.101606
0.92864 477 0.101782
0.928447 477 0.101819
0.928447 476 0.101991
0.928447 475 0.102019
0.928447 474 0.102034
0.928447 473 0.102109
0.928447 472 0.102665
0.928447 471 0.102736
0.928447 470 0.103017
0.928447 468 0.10303
0.928447 467 0.103316
0.928254 467 0.10357
0.928254 466 0.103608
0.92806 466 0.103712
0.92806 465 0.103851
0.92806 464 0.103951
0.92806 463 0.104069
0.92806 462 0.104181
0.92806 461 0.104378
0.92806 459 0.104527
0.92806 458 0.104793
0.92806 457 0.105252
0.92806 456 0.10535
0.92806 455 0.105419
0.92806 454 0.105908
0.92806 453 0.106027
0.92806 452 0.106969
0.92806 451 0.107057
0.92806 450 0.107091
0.92806 449 0.107154
0.92806 448 0.107424
0.92806 447 0.107557
0.92806 446 0.107969
0.92806 445 0.108075
0.92806 444 0.108721
0.927867 444 0.109568
0.927867 443 0.109741
0.927867 442 0.110507
0.927867 441 0.110596
0.927867 440 0.111467
0.927867 439 0.111496
0.927867 438 0.112443
0.927867 437 0.112943
0.927867 436 0.113586
0.927867 435 0.114243
0.927867 434 0.114623
0.927867 433 0.114764
0.927867 432 0.116393
0.927867 431 0.116799
0.927867 430 0.116906
0.927867 429 0.117118
0.927867 428 0.117828
0.927867 427 0.118189
0.927867 426 0.118385
0.927867 425 0.118683
0.927867 424 0.11874
0.927867 423 0.118967
0.927867 422 0.119453
0.927867 421 0.11959
0.927867 420 0.119737
0.927867 419 0.11976
0.927867 418 0.119976
0.927867 417 0.120668
0.927867 416 0.120939
0.927867 415 0.121246
0.927674 415 0.121728
0.927674 414 0.122402
0.92748 414 0.122888
0.92748 413 0.122893
0.92748 412 0.122912
0.92748 411 0.12294
0.92748 410 0.122945
0.92748 409 0.123852
0.927287 409 0.124297
0.927287 408 0.124647
0.927287 407 0.12493
0.927287 406 0.125375
0.927287 405 0.125809
0.927287 404 0.126157
0.927287 403 0.126732
0.927287 402 0.128366
0.927287 401 0.128839
0.927287 400 0.1289
0.927287 399 0.129277
0.927093 399 0.130073
0.927093 398 0.13016
0.927093 397 0.131411
0.927093 396 0.131472
0.927093 395 0.13275
0.927093 394 0.134688
0.9269 394 0.136638
0.926707 394 0.136758
0.926707 393 0.137424
0.926707 392 0.137761
0.926707 391 0.138699
0.926707 390 0.14017
0.926707 389 0.140712
0.926513 389 0.141969
0.92632 389 0.142505
0.92632 388 0.144561
0.92632 387 0.145223
0.92632 386 0.145692
0.926126 386 0.145938
0.926126 385 0.146758
0.926126 384 0.146945
0.926126 383 0.146948
0.926126 382 0.148947
0.925933 382 0.15061
0.925933 381 0.1514
0.92574 381 0.151553
0.92574 380 0.151796
0.92574 379 0.151798
0.92574 378 0.152838
0.925546 378 0.153178
0.925546 377 0.153636
0.925546 376 0.15424
0.925353 376 0.154436
0.925353 375 0.157135
0.925353 374 0.158482
0.92516 374 0.158873
0.924966 374 0.160101
0.924966 373 0.160465
0.924966 372 0.161221
0.924966 371 0.161527
0.924966 370 0.161753
0.924966 369 0.161789
0.924966 368 0.161914
0.924966 367 0.163102
0.924773 367 0.163888
0.924773 366 0.164321
0.924579 366 0.165115
0.924579 365 0.165231
0.924579 364 0.165935
0.924579 363 0.167894
0.924386 363 0.168963
0.924386 362 0.170409
0.924386 361 0.170466
0.924386 360 0.170544
0.924386 359 0.171166
0.924193 359 0.171272
0.924193 358 0.171618
0.923999 358 0.17174
0.923999 357 0.172051
0.923999 356 0.172092
0.923999 355 0.172362
0.923999 354 0.172857
0.923999 353 0.173139
0.923999 352 0.174489
0.923999 351 0.175427
0.923999 350 0.17545
0.923999 349 0.175525
0.923999 348 0.175787
0.923999 347 0.175954
0.923806 347 0.176374
0.923806 346 0.177006
0.923612 346 0.177958
0.923419 346 0.178478
0.923226 346 0.179843
0.923226 345 0.180239
0.923032 345 0.18093
0.923032 344 0.181677
0.923032 343 0.18268
0.922839 343 0.183168
0.922839 342 0.183268
0.922839 341 0.18379
0.922839 340 0.186037
0.922839 339 0.186071
0.922839 338 0.186925
0.922839 337 0.187463
0.922839 336 0.188205
0.922839 335 0.188293
0.922839 334 0.189472
0.922839 333 0.190004
0.922646 333 0.190204
0.922646 332 0.192554
0.922646 331 0.19257
0.922646 330 0.192908
0.922646 329 0.194412
0.922452 329 0.196113
0.922259 329 0.196652
0.922259 328 0.196711
0.922259 327 0.198053
0.922259 326 0.198794
0.922259 325 0.199293
0.922065 325 0.200017
0.922065 324 0.201291
0.922065 323 0.20177
0.922065 322 0.202653
0.922065 321 0.203421
0.921872 321 0.203974
0.921872 320 0.20399
0.921872 319 0.204737
0.921872 318 0.204738
0.921872 317 0.204894
0.921872 316 0.204937
0.921872 315 0.205281
0.921872 314 0.205305
0.921872 313 0.206204
0.921872 312 0.206498
0.921872 311 0.206677
0.921872 310 0.20668
0.921679 310 0.206773
0.921679 309 0.206835
0.921679 308 0.207935
0.921679 307 0.208001
0.921679 306 0.209469
0.921485 306 0.209556
0.921485 305 0.211017
0.921485 304 0.212654
0.921485 303 0.21333
0.921485 302 0.214456
0.921485 301 0.215419
0.921292 301 0.215682
0.921292 300 0.217322
0.921098 300 0.219254
0.921098 299 0.221015
0.921098 298 0.221579
0.921098 297 0.224464
0.921098 296 0.226437
0.921098 295 0.227239
0.921098 294 0.228342
0.921098 293 0.228691
0.921098 292 0.228748
0.921098 291 0.229826
0.920905 291 0.229937
0.920905 290 0.230129
0.920905 289 0.230812
0.920905 288 0.231059
0.920905 287 0.231734
0.920712 287 0.231817
0.920712 286 0.232277
0.920712 285 0.232295
0.920712 284 0.232558
0.920712 283 0.233591
0.920712 282 0.234235
0.920712 281 0.234275
0.920712 280 0.235462
0.920712 279 0.23943
0.920712 278 0.241292
0.920712 277 0.24252
0.920712 276 0.242855
0.920712 275 0.244238
0.920712 274 0.245035
0.920712 273 0.245072
0.920712 272 0.245315
0.920712 271 0.246305
0.920712 270 0.247123
0.920518 270 0.248711
0.920325 270 0.249072
0.920325 269 0.252366
0.920132 269 0.253945
0.919938 269 0.254509
0.919745 269 0.254576
0.919745 268 0.256139
0.919551 268 0.256679
0.919358 268 0.257567
0.919358 267 0.261005
0.919358 266 0.262276
0.919358 265 0.262404
0.919358 264 0.264048
0.919165 264 0.264288
0.919165 263 0.264616
0.919165 262 0.273903
0.919165 261 0.273975
0.919165 260 0.276455
0.918971 260 0.277438
0.918971 259 0.279467
0.918778 259 0.281146
0.918778 258 0.284019
0.918778 257 0.284725
0.918778 256 0.285151
0.918584 256 0.285496
0.918584 255 0.287599
0.918584 254 0.289276
0.918584 253 0.289782
0.918584 252 0.290804
0.918391 252 0.291082
0.918391 251 0.293811
0.918391 250 0.29543
0.918391 249 0.300207
0.918391 248 0.300675
0.918391 247 0.300925
0.918391 246 0.302838
0.918198 246 0.304074
0.918004 246 0.305636
0.918004 245 0.307413
0.918004 244 0.310262
0.918004 243 0.314771
0.918004 242 0.316629
0.918004 241 0.318091
0.918004 240 0.320907
0.918004 239 0.321321
0.917811 239 0.323754
0.917811 238 0.324961
0.917617 238 0.330158
0.917617 237 0.331082
0.917617 236 0.331235
0.917617 235 0.333563
0.917617 234 0.33536
0.917617 233 0.335407
0.917424 233 0.335636
0.917231 233 0.33583
0.917231 232 0.336502
0.917037 232 0.337492
0.917037 231 0.339983
0.917037 230 0.340755
0.917037 229 0.341138
0.916844 229 0.342889
0.916844 228 0.343877
0.916844 227 0.343974
0.916844 226 0.346113
0.916844 225 0.348652
0.916651 225 0.349776
0.916651 224 0.350439
0.916651 223 0.352109
0.916651 222 0.353246
0.916457 222 0.353418
0.916264 222 0.353947
0.916264 221 0.354105
0.91607 221 0.35758
0.915877 221 0.360669
0.915877 220 0.361176
0.915877 219 0.366362
0.915877 218 0.367613
0.915877 217 0.368508
0.915877 216 0.369906
0.915684 216 0.370361
0.915684 215 0.371065
0.915684 214 0.371253
0.915684 213 0.37317
0.915684 212 0.375263
0.915684 211 0.37759
0.915684 210 0.379017
0.915684 209 0.380206
0.915684 208 0.381268
0.91549 208 0.387339
0.915297 208 0.387389
0.915103 208 0.39153
0.915103 207 0.393561
0.91491 207 0.394061
0.91491 206 0.395506
0.914717 206 0.395668
0.914523 206 0.397516
0.91433 206 0.398528
0.91433 205 0.39872
0.91433 204 0.399911
0.914137 204 0.401022
0.913943 204 0.404327
0.913943 203 0.405258
0.91375 203 0.408841
0.91375 202 0.411401
0.91375 201 0.411487
0.913556 201 0.411542
0.913556 200 0.412373
0.913556 199 0.412807
0.913556 198 0.416462
0.913363 198 0.416619
0.913363 197 0.420456
0.913363 196 0.420485
0.913363 195 0.421412
0.913363 194 0.426489
0.913363 193 0.429374
0.913363 192 0.435079
0.913363 191 0.437288
0.91317 191 0.438673
0.91317 190 0.440774
0.912976 190 0.440854
0.912976 189 0.44111
0.912976 188 0.443773
0.912783 188 0.444335
0.912589 188 0.444518
0.912589 187 0.447565
0.912396 187 0.450018
0.912396 186 0.452994
0.912396 185 0.457261
0.912396 184 0.457672
0.912396 183 0.462159
0.912396 182 0.462846
0.912396 181 0.464625
0.912396 180 0.467804
0.912396 179 0.4693
0.912396 178 0.472135
0.912396 177 0.473186
0.912396 176 0.473469
0.912203 176 0.473824
0.912203 175 0.474345
0.912203 174 0.476338
0.912203 173 0.481145
0.912009 173 0.482471
0.912009 172 0.483005
0.912009 171 0.489027
0.912009 170 0.48911
0.911816 170 0.490362
0.911816 169 0.492732
0.911816 168 0.493099
0.911623 168 0.499953
0.911429 168 0.50485
0.911429 167 0.505214
0.911236 167 0.505896
0.911042 167 0.507208
0.911042 166 0.508081
0.911042 165 0.510833
0.911042 164 0.512458
0.910849 164 0.513116
0.910849 163 0.513215
0.910849 162 0.51377
0.910656 162 0.516347
0.910656 161 0.517112
0.910656 160 0.522181
0.910656 159 0.522344
0.910656 158 0.523085
0.910656 157 0.524334
0.910462 157 0.524771
0.910269 157 0.526413
0.910269 156 0.529476
0.910075 156 0.529863
0.909882 156 0.531797
0.909882 155 0.533885
0.909882 154 0.534304
0.909882 153 0.536718
0.909882 152 0.536998
0.909882 151 0.539572
0.909689 151 0.542866
0.909689 150 0.545206
0.909495 150 0.548841
0.909495 149 0.553952
0.909495 148 0.55431
0.909495 147 0.555639
0.909495 146 0.559294
0.909302 146 0.563875
0.909302 145 0.566218
0.909108 145 0.568552
0.909108 144 0.57525
0.908915 144 0.575516
0.908722 144 0.576678
0.908722 143 0.580791
0.908722 142 0.583076
0.908722 141 0.58366
0.908528 141 0.584912
0.908335 141 0.585101
0.908142 141 0.586671
0.908142 140 0.587889
0.908142 139 0.593563
0.907948 139 0.596879
0.907948 138 0.59899
0.907755 138 0.599707
0.907561 138 0.600556
0.907368 138 0.602217
0.907368 137 0.605103
0.907175 137 0.605143
0.907175 136 0.607429
0.907175 135 0.608616
0.907175 134 0.609558
0.906981 134 0.61038
0.906788 134 0.614812
0.906788 133 0.615168
0.906788 132 0.615307
0.906594 132 0.617218
0.906594 131 0.617442
0.906594 130 0.619212
0.906594 129 0.619558
0.906401 129 0.62311
0.906208 129 0.629574
0.906208 128 0.63514
0.906208 127 0.638054
0.906208 126 0.642518
0.906014 126 0.644023
0.906014 125 0.648129
0.906014 124 0.649927
0.905821 124 0.65003
0.905821 123 0.651315
0.905628 123 0.654325
0.905434 123 0.656387
0.905434 122 0.656893
0.905241 122 0.657906
0.905241 121 0.658897
0.905047 121 0.660831
0.904854 121 0.667503
0.904661 121 0.676176
0.904661 120 0.67664
0.904467 120 0.678449
0.904274 120 0.680293
0.90408 120 0.684239
0.90408 119 0.685487
0.90408 118 0.686103
0.903887 118 0.693778
0.903694 118 0.695791
0.9035 118 0.696045
0.903307 118 0.697696
0.903307 117 0.699136
0.903114 117 0.700526
0.903114 116 0.700538
0.90292 116 0.702794
0.902727 116 0.71212
0.902727 115 0.712492
0.902727 114 0.712872
0.902533 114 0.715275
0.902533 113 0.716569
0.902533 112 0.716652
0.90234 112 0.722932
0.902147 112 0.723567
0.901953 112 0.726804
0.90176 112 0.72867
0.90176 111 0.730001
0.90176 110 0.735625
0.90176 109 0.737019
0.90176 108 0.737676
0.901566 108 0.738533
0.901566 107 0.739309
0.901373 107 0.740555
0.901373 106 0.742178
0.90118 106 0.74444
0.90118 105 0.744733
0.90118 104 0.746098
0.90118 103 0.752039
0.900986 103 0.753104
0.900793 103 0.757508
0.900599 103 0.766326
0.900599 102 0.767978
0.900599 101 0.768392
0.900599 100 0.774919
0.900406 100 0.775586
0.900213 100 0.777816
0.900019 100 0.779417
0.899826 100 0.779996
0.899826 99 0.787478
0.899633 99 0.788247
0.899633 98 0.789979
0.899439 98 0.795892
0.899439 97 0.797105
0.899439 96 0.798719
0.899246 96 0.803506
0.899052 96 0.805597
0.899052 95 0.805601
0.898859 95 0.811793
0.898859 94 0.812648
0.898666 94 0.812705
0.898472 94 0.812819
0.898279 94 0.813062
0.898279 93 0.815756
0.898085 93 0.822575
0.898085 92 0.823715
0.897892 92 0.829884
0.897892 91 0.832353
0.897699 91 0.83445
0.897699 90 0.836622
0.897699 89 0.842667
0.897699 88 0.843464
0.897505 88 0.844844
0.897312 88 0.846417
0.897119 88 0.848427
0.896925 88 0.849142
0.896732 88 0.849714
0.896732 87 0.852036
0.896538 87 0.852633
0.896345 87 0.854494
0.896345 86 0.857894
0.896345 85 0.860738
0.896152 85 0.861059
0.895958 85 0.865487
0.895958 84 0.870111
0.895765 84 0.876901
0.895571 84 0.877277
0.895378 84 0.878208
0.895185 84 0.878647
0.894991 84 0.879801
0.894798 84 0.880495
0.894798 83 0.885293
0.894798 82 0.889992
0.894798 81 0.890873
0.894605 81 0.893511
0.894411 81 0.893539
0.894218 81 0.894583
0.894024 81 0.896262
0.894024 80 0.897206
0.893831 80 0.901369
0.893638 80 0.901716
0.893638 79 0.902055
0.893638 78 0.904098
0.893444 78 0.904185
0.893251 78 0.904851
0.893057 78 0.905108
0.892864 78 0.905857
0.892671 78 0.906935
0.892477 78 0.908876
0.892477 77 0.910376
0.892477 76 0.911466
0.892284 76 0.912228
0.892091 76 0.913135
0.891897 76 0.913164
0.891897 75 0.913553
0.891704 75 0.915396
0.89151 75 0.916645
0.891317 75 0.920054
0.891317 74 0.920878
0.891317 73 0.920955
0.891124 73 0.921052
0.891124 72 0.921304
0.891124 71 0.924078
0.89093 71 0.924918
0.890737 71 0.925094
0.890737 70 0.925264
0.890543 70 0.927427
0.89035 70 0.92756
0.890157 70 0.929947
0.889963 70 0.932693
0.889963 69 0.937393
0.88977 69 0.939075
0.889576 69 0.940714
0.889383 69 0.941059
0.88919 69 0.941904
0.88919 68 0.942019
0.888996 68 0.942224
0.888803 68 0.945765
0.88861 68 0.946135
0.888416 68 0.946523
0.888223 68 0.947346
0.888223 67 0.949398
0.888223 66 0.950356
0.888029 66 0.952773
0.888029 65 0.953757
0.887836 65 0.953813
0.887836 64 0.95449
0.887643 64 0.95481
0.887449 64 0.954849
0.887256 64 0.956467
0.887062 64 0.956589
0.886869 64 0.957753
0.886676 64 0.957999
0.886482 64 0.958098
0.886482 63 0.958252
0.886289 63 0.958427
0.886289 62 0.958861
0.886096 62 0.959131
0.885902 62 0.960108
0.885709 62 0.960349
0.885515 62 0.960394
0.885322 62 0.960922
0.885129 62 0.960961
0.885129 61 0.961809
0.884935 61 0.961821
0.884742 61 0.963044
0.884548 61 0.963247
0.884355 61 0.96449
0.884162 61 0.964689
0.883968 61 0.965567
0.883775 61 0.967745
0.883582 61 0.967798
0.883582 60 0.968234
0.883388 60 0.968289
0.883195 60 0.969284
0.883001 60 0.969874
0.882808 60 0.969902
0.882615 60 0.970062
0.882615 59 0.97009
0.882421 59 0.970679
0.882421 58 0.971581
0.882228 58 0.971858
0.882228 57 0.972148
0.882228 56 0.973217
0.882034 56 0.973259
0.882034 55 0.973289
0.881841 55 0.973298
0.881648 55 0.973326
0.881648 54 0.973453
0.881648 53 0.973622
0.881454 53 0.97383
0.881454 52 0.973881
0.881261 52 0.9742
0.881067 52 0.974375
0.880874 52 0.974658
0.880681 52 0.974813
0.880681 51 0.974893
0.880487 51 0.975407
0.880294 51 0.975891
0.880101 51 0.975905
0.879907 51 0.976463
0.879714 51 0.97666
0.879714 50 0.976661
0.87952 50 0.977047
0.879327 50 0.977072
0.879134 50 0.977113
0.87894 50 0.977374
0.878747 50 0.978039
0.878553 50 0.978276
0.87836 50 0.978306
0.878167 50 0.978373
0.878167 49 0.978403
0.877973 49 0.979075
0.87778 49 0.979134
0.877587 49 0.979195
0.877393 49 0.979263
0.8772 49 0.979893
0.877006 49 0.98059
0.876813 49 0.980825
0.87662 49 0.98161
0.87662 48 0.981624
0.87662 47 0.982108
0.876426 47 0.982842
0.876233 47 0.982858
0.876039 47 0.982877
0.875846 47 0.983252
0.875653 47 0.983378
0.875459 47 0.983577
0.875266 47 0.983744
0.875073 47 0.984089
0.874879 47 0.9846
0.874686 47 0.985216
0.874492 47 0.985916
0.874299 47 0.986035
0.874106 47 0.986109
0.873912 47 0.986806
0.873912 46 0.986874
0.873719 46 0.987204
0.873719 45 0.987359
0.873525 45 0.98743
0.873525 44 0.987633
0.873332 44 0.987644
0.873139 44 0.988201
0.872945 44 0.988213
0.872752 44 0.989027
0.872558 44 0.989471
0.872365 44 0.989477
0.872172 44 0.989485
0.871978 44 0.989579
0.871785 44 0.989587
0.871592 44 0.989815
0.871398 44 0.989951
0.871205 44 0.989987
0.871011 44 0.990064
0.871011 43 0.990114
0.871011 42 0.990217
0.870818 42 0.990772
0.870625 42 0.991086
0.870431 42 0.99119
0.870238 42 0.991264
0.870044 42 0.991432
0.869851 42 0.991445
0.869851 41 0.991807
0.869851 40 0.992204
0.869658 40 0.992304
0.869464 40 0.992333
0.869271 40 0.992394
0.869078 40 0.992405
0.868884 40 0.992475
0.868884 39 0.992618
0.868691 39 0.992624
0.868691 38 0.992737
0.868497 38 0.99282
0.868304 38 0.992909
0.868111 38 0.993115
0.867917 38 0.993241
0.867917 37 0.993323
0.867917 36 0.993395
0.867724 36 0.993526
0.86753 36 0.99365
0.867144 36 0.993914
0.86695 36 0.993928
0.866757 36 0.994156
0.866757 35 0.994381
0.866564 35 0.99449
0.86637 35 0.994568
0.866177 35 0.994613
0.865983 35 0.994775
0.86579 35 0.99511
0.86579 34 0.995159
0.865597 34 0.995321
0.865597 33 0.995332
0.865403 33 0.995448
0.86521 33 0.995557
0.865016 33 0.995578
0.864823 33 0.995634
0.86463 33 0.995705
0.864436 33 0.995732
0.864243 33 0.995769
0.86405 33 0.996005
0.863856 33 0.996037
0.863663 33 0.996058
0.863469 33 0.996078
0.863276 33 0.996259
0.863276 32 0.996331
0.863083 32 0.996382
0.862889 32 0.996435
0.862696 32 0.996467
0.862502 32 0.996545
0.862309 32 0.996566
0.862116 32 0.996584
0.861922 32 0.996784
0.861729 32 0.996799
0.861535 32 0.996876
0.861342 32 0.996882
0.861149 32 0.996931
0.860955 32 0.997056
0.860762 32 0.99707
0.860762 31 0.997087
0.860762 30 0.997134
0.860569 30 0.997199
0.860375 30 0.997204
0.860182 30 0.997211
0.860182 29 0.997304
0.859988 29 0.997428
0.859795 29 0.997469
0.859602 29 0.997514
0.859408 29 0.997592
0.859215 29 0.997628
0.859021 29 0.997654
0.858828 29 0.997722
0.858828 28 0.997731
0.858635 28 0.997749
0.858441 28 0.997838
0.858248 28 0.997863
0.858055 28 0.997905
0.857861 28 0.997911
0.857668 28 0.997929
0.857474 28 0.997964
0.857474 27 0.998031
0.857281 27 0.998153
0.857088 27 0.998242
0.856894 27 0.998247
0.856701 27 0.998304
0.856507 27 0.998307
0.856314 27 0.998316
0.856314 26 0.998333
0.856314 25 0.998348
0.856121 25 0.998353
0.855927 24 0.998354
0.855734 24 0.998366
0.855541 24 0.9984
0.855347 24 0.998471
0.855154 24 0.9985
0.85496 24 0.998518
0.85496 23 0.998525
0.85496 22 0.998548
0.854767 22 0.998552
0.854574 22 0.998566
0.85438 22 0.998655
0.854187 22 0.998671
0.853993 22 0.998676
0.8538 22 0.998738
0.853607 22 0.998761
0.853413 22 0.998832
0.853413 21 0.998878
0.85322 21 0.998895
0.853026 21 0.998924
0.852833 21 0.99893
0.85264 21 0.998931
0.85264 20 0.998948
0.852446 20 0.998955
0.852253 20 0.998972
0.85206 20 0.99899
0.851866 20 0.998992
0.851673 20 0.999005
0.851479 20 0.999007
0.851286 20 0.999011
0.851093 20 0.999029
0.850899 20 0.999071
0.850706 20 0.999085
0.850512 20 0.999138
0.850319 20 0.999182
0.850126 20 0.999192
0.849932 20 0.9992
0.849739 20 0.99921
0.849546 20 0.999215
0.849352 20 0.999236
0.849352 19 0.999252
0.849159 19 0.999276
0.848965 19 0.999279
0.848772 19 0.999303
0.848579 19 0.999305
0.848385 19 0.999322
0.848192 19 0.999326
0.847998 19 0.999332
0.847805 19 0.999335
0.847612 19 0.999342
0.847418 19 0.999344
0.847418 18 0.999349
0.847225 18 0.999356
0.847032 18 0.999372
0.846838 18 0.999376
0.846645 18 0.999411
0.846451 18 0.999417
0.846258 18 0.999419
0.846065 18 0.999422
0.845871 18 0.999433
0.845678 18 0.999455
0.845484 18 0.999457
0.845291 18 0.999466
0.845098 18 0.999469
0.844904 18 0.999471
0.844711 18 0.999486
0.844518 18 0.999505
0.844324 18 0.999514
0.844131 18 0.999515
0.843937 18 0.999518
0.843744 18 0.999519
0.843551 18 0.999522
0.843551 17 0.999537
0.843357 17 0.999547
0.843164 17 0.999548
0.84297 17 0.999561
0.842777 17 0.999563
0.842584 17 0.999566
0.84239 17 0.999579
0.842197 17 0.99958
0.842003 17 0.999583
0.84181 17 0.999588
0.84181 16 0.999592
0.841617 16 0.9996
0.841423 16 0.999611
0.84123 16 0.999622
0.841037 16 0.999623
0.840843 16 0.999625
0.84065 16 0.999638
0.840456 16 0.999639
0.840263 16 0.999643
0.84007 16 0.999644
0.839876 16 0.999648
0.839296 16 0.999651
0.839103 16 0.999656
0.838909 16 0.99966
0.838716 16 0.999662
0.838523 16 0.999669
0.838523 15 0.999685
0.838329 15 0.999686
0.838136 15 0.999687
0.837942 15 0.999691
0.837749 15 0.999693
0.837556 15 0.999694
0.837362 15 0.99971
0.837169 15 0.999719
0.836975 15 0.999721
0.836782 15 0.999727
0.836589 15 0.999739
0.836395 15 0.999744
0.836395 14 0.999749
0.836202 14 0.999756
0.836009 14 0.999763
0.835815 14 0.999771
0.835622 14 0.999773
0.835428 14 0.99978
0.834848 14 0.999781
0.834655 14 0.999782
0.834461 14 0.99979
0.834268 14 0.999793
0.834268 13 0.999795
0.834075 13 0.999796
0.833881 13 0.999797
0.833688 13 0.999801
0.833494 13 0.999806
0.833301 13 0.999807
0.833108 13 0.999809
0.832721 13 0.99981
0.832528 13 0.999827
0.832334 13 0.999832
0.831947 13 0.999835
0.831754 13 0.999837
0.831561 13 0.99984
0.831174 13 0.999842
0.83098 13 0.999844
0.830787 13 0.999845
0.830594 13 0.999848
0.8304 13 0.999851
0.830207 13 0.999852
0.82982 13 0.999855
0.829627 13 0.999858
0.829433 13 0.99986
0.82924 13 0.999861
0.829047 13 0.999864
0.828853 13 0.999866
0.82866 13 0.999869
0.828466 13 0.999871
0.82808 13 0.999872
0.8275 13 0.999873
0.827306 13 0.999876
0.827113 13 0.999878
0.826726 12 0.99988
0.826533 12 0.999883
0.826339 12 0.999884
0.826146 12 0.999887
0.825952 12 0.999888
0.825759 12 0.999892
0.825566 12 0.999894
0.825372 12 0.999895
0.825179 12 0.999896
0.824985 12 0.999899
0.824792 12 0.9999
0.824599 12 0.999901
0.824212 12 0.999903
0.824019 12 0.999905
0.823825 12 0.999907
0.823632 12 0.99991
0.823438 12 0.999912
0.823245 12 0.999913
0.822858 12 0.999915
0.822471 12 0.999916
0.822278 12 0.999917
0.822085 12 0.999919
0.821505 12 0.999921
0.821311 12 0.999922
0.821118 12 0.999924
0.820924 12 0.999925
0.820731 12 0.999926
0.820538 12 0.999928
0.819764 12 0.999929
0.819377 12 0.99993
0.818797 12 0.999934
0.818217 12 0.999935
0.818024 12 0.999936
0.81783 12 0.999938
0.817637 12 0.999939
0.817637 11 0.99994
0.817057 11 0.999943
0.816863 11 0.999944
0.81667 11 0.999945
0.816477 11 0.999946
0.816283 11 0.999947
0.815703 10 0.99995
0.815316 10 0.999951
0.814736 10 0.999952
0.814543 10 0.999953
0.814349 10 0.999954
0.813962 9 0.999956
0.813382 9 0.999957
0.812996 9 0.999958
0.812802 9 0.999959
0.812609 9 0.999961
0.812415 9 0.999964
0.812029 8 0.999965
0.811448 8 0.999966
0.811062 8 0.999969
0.810675 8 0.99997
0.809515 8 0.999971
0.809128 8 0.999972
0.808741 8 0.999973
0.808161 8 0.999974
0.807001 8 0.999975
0.806614 7 0.999976
0.80642 7 0.999977
0.80526 7 0.999978
0.804487 7 0.99998
0.8041 7 0.999981
0.803326 7 0.999982
0.802553 7 0.999983
0.801973 7 0.999984
0.801392 7 0.999985
0.800232 7 0.999986
0.798685 7 0.999987
0.797525 7 0.999988
0.795784 7 0.999989
0.795204 7 0.99999
0.794817 7 0.999991
0.794237 6 0.999992
0.79153 6 0.999993
0.790369 5 0.999994
0.789016 5 0.999995
0.785535 5 0.999996
0.782441 4 0.999997
0.778379 3 0.999998
0.772384 1 0.999999
0.755753 1 1
0 0 1.79769e+308
