0.900406 91 0.404357
0.900406 90 0.408357
0.900213 90 0.416462
0.900019 90 0.41662
0.900019 89 0.420457
0.900019 88 0.420484
0.900019 87 0.426489
0.900019 86 0.434374
0.899826 86 0.438673
0.899826 85 0.441303
0.899633 85 0.444518
0.899633 84 0.446097
0.899439 84 0.447565
0.899246 84 0.452994
0.899246 83 0.454872
0.899052 83 0.462767
0.898859 83 0.464626
0.898859 82 0.467805
0.898859 81 0.476337
0.898859 80 0.481146
0.898666 80 0.489111
0.898472 80 0.489975
0.898279 80 0.493099
0.898085 80 0.499954
0.897892 80 0.501407
0.897699 80 0.505212
0.897505 80 0.507209
0.897505 79 0.511642
0.897505 78 0.513116
0.897505 77 0.513769
0.897312 77 0.514174
0.897312 76 0.521375
0.897312 75 0.524334
0.897119 75 0.524771
0.896925 75 0.533408
0.896925 74 0.534303
0.896925 73 0.536997
0.896925 72 0.559294
0.896732 72 0.566218
0.896538 72 0.574326
0.896345 72 0.575516
0.896152 72 0.583075
0.896152 71 0.584913
0.895958 71 0.590948
0.895765 71 0.593563
0.895571 71 0.599707
0.895378 71 0.607377
0.895185 71 0.61038
0.894991 71 0.611304
0.894798 71 0.615168
0.894798 70 0.615306
0.894605 70 0.617505
0.894411 70 0.619212
0.894411 69 0.619557
0.894218 69 0.62311
0.894024 69 0.631971
0.893831 69 0.634387
0.893638 69 0.635142
0.893638 68 0.636212
0.893444 68 0.640418
0.893251 68 0.644023
0.893251 67 0.649149
0.893251 66 0.649927
0.893057 66 0.654325
0.892864 66 0.655009
0.892671 66 0.656894
0.892477 66 0.660049
0.892477 65 0.67187
0.892284 65 0.675801
0.892284 64 0.67664
0.892091 64 0.678449
0.891897 64 0.682282
0.891897 63 0.686865
0.891704 63 0.694632
0.89151 63 0.697695
0.89151 62 0.699136
0.891317 62 0.700538
0.891124 62 0.702794
0.89093 62 0.705579
0.890737 62 0.713423
0.890737 61 0.716569
0.890737 60 0.716652
0.890543 60 0.717253
0.89035 60 0.723567
0.890157 60 0.730001
0.890157 59 0.74444
0.890157 58 0.765287
0.889963 58 0.779417
0.88977 58 0.779996
0.88977 57 0.787478
0.889576 57 0.788223
0.889383 57 0.789979
0.88919 57 0.791793
0.88919 56 0.795892
0.88919 55 0.798834
0.888996 55 0.801584
0.888996 54 0.803506
0.888803 54 0.811794
0.888803 53 0.812567
0.888803 52 0.812647
0.88861 52 0.812705
0.888416 52 0.815756
0.888223 52 0.823715
0.888029 52 0.824689
0.888029 51 0.834211
0.887836 51 0.83494
0.887643 51 0.83627
0.887449 51 0.844844
0.887256 51 0.848427
0.887062 51 0.849142
0.886869 51 0.852328
0.886676 51 0.852632
0.886482 51 0.85785
0.886289 51 0.857894
0.886289 50 0.85827
0.886096 50 0.859597
0.886096 49 0.861059
0.885902 49 0.865487
0.885902 48 0.867488
0.885902 47 0.868672
0.885709 47 0.872041
0.885515 47 0.875201
0.885515 46 0.876901
0.885322 46 0.879801
0.885129 46 0.883824
0.884935 46 0.885293
0.884935 45 0.890873
0.884742 45 0.892712
0.884548 45 0.893511
0.884355 45 0.894583
0.884162 45 0.896524
0.884162 44 0.897206
0.883968 44 0.897538
0.883775 44 0.902832
0.883775 43 0.904185
0.883582 43 0.90485
0.883388 43 0.905108
0.883195 43 0.906935
0.883001 43 0.908876
0.883001 42 0.909029
0.882808 42 0.910376
0.882808 41 0.911465
0.882615 41 0.91208
0.882421 41 0.912228
0.882228 41 0.913135
0.882034 41 0.915397
0.881841 41 0.916645
0.881648 41 0.918249
0.881648 40 0.920054
0.881648 39 0.921052
0.881648 38 0.921304
0.881648 37 0.924078
0.881454 37 0.924236
0.881454 36 0.924741
0.881261 36 0.924918
0.881067 36 0.925094
0.881067 35 0.925264
0.880874 35 0.927113
0.880681 35 0.929946
0.880487 35 0.932693
0.880487 34 0.933759
0.880294 34 0.935094
0.880101 34 0.935923
0.879907 34 0.936535
0.879714 34 0.936548
0.87952 34 0.939075
0.879327 34 0.941059
0.879134 34 0.942224
0.87894 34 0.946743
0.878747 34 0.947687
0.878553 34 0.947893
0.878553 33 0.949712
0.87836 33 0.950143
0.878167 33 0.951145
0.877973 33 0.951458
0.877973 32 0.952622
0.87778 32 0.952773
0.87778 31 0.953813
0.87778 30 0.953878
0.87778 29 0.954133
0.877587 29 0.95449
0.877393 29 0.95481
0.8772 29 0.956589
0.877006 29 0.95683
0.876813 29 0.957013
0.87662 29 0.957999
0.876426 29 0.958098
0.876426 28 0.958861
0.876233 28 0.959131
0.876039 28 0.960108
0.875846 28 0.961144
0.875653 28 0.961809
0.875459 28 0.961821
0.875266 28 0.962151
0.875073 28 0.963044
0.874879 28 0.963247
0.874686 28 0.964688
0.874492 28 0.964689
0.874299 28 0.965249
0.874106 28 0.967386
0.873912 28 0.967798
0.873912 27 0.968234
0.873719 27 0.968289
0.873525 27 0.968324
0.873332 27 0.971524
0.873139 27 0.973217
0.872945 27 0.973259
0.872945 26 0.973289
0.872752 26 0.973298
0.872558 26 0.973622
0.872365 26 0.97383
0.872365 25 0.974199
0.872172 25 0.974375
0.871978 25 0.974603
0.871785 25 0.974658
0.871592 25 0.975407
0.871398 25 0.975785
0.871398 24 0.975891
0.871205 24 0.976463
0.871011 24 0.977072
0.870818 24 0.978038
0.870625 24 0.978276
0.870431 24 0.978868
0.870238 24 0.97905
0.870044 24 0.979134
0.869851 24 0.979195
0.869658 24 0.979893
0.869464 24 0.980083
0.869271 24 0.98059
0.869078 24 0.980654
0.868884 24 0.980825
0.868691 24 0.981413
0.868497 24 0.98161
0.868497 23 0.982108
0.868304 23 0.982858
0.868111 23 0.982877
0.867917 23 0.983378
0.867724 23 0.983523
0.86753 23 0.983577
0.867337 23 0.983744
0.867144 23 0.983899
0.86695 23 0.984089
0.866757 23 0.984414
0.866564 23 0.984699
0.86637 23 0.985381
0.866177 23 0.985692
0.865983 23 0.985916
0.86579 23 0.986035
0.865597 23 0.986806
0.865597 22 0.986874
0.865403 22 0.986879
0.865403 21 0.987359
0.86521 21 0.987512
0.865016 21 0.988201
0.864823 21 0.988213
0.86463 21 0.988459
0.864436 21 0.988908
0.864243 21 0.988913
0.86405 21 0.989471
0.863856 21 0.989579
0.863663 21 0.989585
0.863469 21 0.989587
0.863276 21 0.989815
0.863083 21 0.989987
0.862889 21 0.990064
0.862889 20 0.990217
0.862696 20 0.990747
0.862502 20 0.991086
0.862309 20 0.99119
0.862116 20 0.991254
0.861922 20 0.991264
0.861729 20 0.991815
0.861535 20 0.991822
0.861535 19 0.992166
0.861342 19 0.992204
0.861149 19 0.992333
0.860955 19 0.992405
0.860762 19 0.992569
0.860569 19 0.992618
0.860375 19 0.992723
0.860182 19 0.992737
0.859988 19 0.993115
0.859795 19 0.993375
0.859602 19 0.993395
0.859408 19 0.993526
0.859215 19 0.993786
0.859021 19 0.993901
0.858828 19 0.993927
0.858635 19 0.994304
0.858441 19 0.994351
0.858248 19 0.994457
0.858248 18 0.99449
0.858055 18 0.994514
0.857861 18 0.994549
0.857668 18 0.994568
0.857474 18 0.99466
0.857281 18 0.994775
0.857088 18 0.994875
0.856894 18 0.99492
0.856701 18 0.995182
0.856507 18 0.995193
0.856507 17 0.9952
0.856314 17 0.99523
0.856121 17 0.99524
0.855927 17 0.995332
0.855734 17 0.995448
0.855541 17 0.995557
0.855347 17 0.99556
0.855154 17 0.995578
0.85496 17 0.995634
0.854767 17 0.995705
0.854574 17 0.995732
0.85438 17 0.996005
0.854187 17 0.996023
0.853993 17 0.996037
0.8538 17 0.996259
0.8538 16 0.996331
0.853607 16 0.996467
0.853413 16 0.996545
0.85322 16 0.996566
0.853026 16 0.996584
0.852833 16 0.99668
0.85264 16 0.996695
0.852446 16 0.996784
0.852253 16 0.996799
0.85206 16 0.996882
0.851866 16 0.996883
0.851673 16 0.996921
0.851479 16 0.996931
0.851286 16 0.996974
0.851093 16 0.997107
0.850899 16 0.997134
0.850706 16 0.997159
0.850512 16 0.997199
0.850319 16 0.997204
0.850126 16 0.997214
0.849932 16 0.997304
0.849739 16 0.997423
0.849546 16 0.997428
0.849352 16 0.997506
0.849159 16 0.997592
0.848965 16 0.997628
0.848772 16 0.997654
0.848579 16 0.997673
0.848385 16 0.997678
0.848192 16 0.997722
0.848192 15 0.99773
0.847998 15 0.997786
0.847805 15 0.997838
0.847612 15 0.997863
0.847418 15 0.997905
0.847225 15 0.997911
0.847032 15 0.997929
0.846645 15 0.997964
0.846645 14 0.997967
0.846451 14 0.997987
0.846258 14 0.998031
0.846065 14 0.99804
0.845871 14 0.998058
0.845678 14 0.998152
0.845484 14 0.998153
0.845291 14 0.998242
0.845098 14 0.998247
0.844904 14 0.998307
0.844711 14 0.99832
0.844518 14 0.998332
0.844324 14 0.998348
0.844131 14 0.998353
0.843937 14 0.998354
0.843744 14 0.998366
0.843551 14 0.9984
0.843357 14 0.998471
0.843164 14 0.99848
0.84297 14 0.998541
0.842777 14 0.99855
0.842584 14 0.998555
0.84239 14 0.998566
0.842197 14 0.998573
0.842003 14 0.998659
0.84181 14 0.99866
0.841617 14 0.998671
0.841423 14 0.998673
0.84123 14 0.998693
0.841037 14 0.9987
0.840843 14 0.998771
0.84065 14 0.998789
0.840456 14 0.998829
0.840263 14 0.998878
0.84007 14 0.998887
0.839876 14 0.998914
0.839683 14 0.998924
0.839489 14 0.998927
0.839296 14 0.998948
0.839103 14 0.998957
0.838909 14 0.998972
0.838716 14 0.99899
0.838523 14 0.998992
0.838329 14 0.999005
0.838136 14 0.999071
0.837942 14 0.999085
0.837556 14 0.999094
0.837556 13 0.999104
0.837362 13 0.999131
0.837169 13 0.999138
0.836975 13 0.999183
0.836782 13 0.999192
0.836589 13 0.9992
0.836395 13 0.99921
0.836202 13 0.999215
0.836009 13 0.999236
0.836009 12 0.999239
0.835815 12 0.999252
0.835622 12 0.999279
0.835428 12 0.999286
0.835235 12 0.9993
0.835042 12 0.999322
0.834848 12 0.999326
0.834655 12 0.999332
0.834461 12 0.999335
0.834268 12 0.99934
0.834075 12 0.999349
0.833881 12 0.999356
0.833688 12 0.999413
0.833494 12 0.999419
0.833301 12 0.999457
0.833108 12 0.999458
0.832914 12 0.999469
0.832721 12 0.999481
0.832528 12 0.999486
0.832334 12 0.999505
0.832141 12 0.999509
0.831947 12 0.999518
0.831754 12 0.999522
0.831754 11 0.999554
0.831561 11 0.999563
0.831367 11 0.999566
0.831174 11 0.99958
0.830787 11 0.999583
0.830594 11 0.999588
0.830594 10 0.999593
0.8304 10 0.999595
0.830207 10 0.999611
0.830014 10 0.999615
0.82982 10 0.99962
0.829627 10 0.999622
0.829433 10 0.999623
0.82924 10 0.999638
0.829047 10 0.999639
0.828853 10 0.999641
0.828466 10 0.999643
0.828273 10 0.999648
0.827693 10 0.99966
0.8275 9 0.999662
0.827306 9 0.999665
0.827113 9 0.999668
0.826919 9 0.999686
0.826726 9 0.999687
0.826533 9 0.999695
0.826339 9 0.999696
0.826146 9 0.999698
0.825952 9 0.999704
0.825759 9 0.999711
0.825372 9 0.999719
0.825179 9 0.999738
0.824985 9 0.999742
0.824792 9 0.999753
0.824599 9 0.999763
0.824405 9 0.999767
0.824212 9 0.999769
0.824019 9 0.999771
0.823825 9 0.999773
0.823632 9 0.99978
0.823245 9 0.999781
0.823052 9 0.999782
0.822858 9 0.99979
0.822278 9 0.999792
0.822085 9 0.999793
0.822085 8 0.999794
0.821891 8 0.999795
0.821698 8 0.999803
0.821698 7 0.999806
0.821505 7 0.999809
0.821118 7 0.999814
0.820924 7 0.999816
0.820731 7 0.999826
0.820538 7 0.999827
0.820344 7 0.999835
0.820151 7 0.999838
0.819764 7 0.99984
0.819571 7 0.999842
0.819377 7 0.999844
0.819184 7 0.999848
0.818797 7 0.999849
0.818604 7 0.99985
0.81841 7 0.999851
0.818217 7 0.999852
0.818024 7 0.999858
0.817637 7 0.99986
0.817443 7 0.999866
0.81725 7 0.999868
0.817057 7 0.999869
0.816863 7 0.99987
0.81667 7 0.999871
0.816477 7 0.999872
0.815896 7 0.999873
0.815703 7 0.999876
0.81551 7 0.999878
0.815123 7 0.999879
0.814929 7 0.99988
0.814543 7 0.999891
0.814349 7 0.999892
0.813962 7 0.999894
0.813769 7 0.999895
0.813576 7 0.999896
0.813382 7 0.999899
0.812996 7 0.9999
0.812609 7 0.999901
0.812415 7 0.999902
0.811835 7 0.999903
0.811448 7 0.999905
0.811255 7 0.999906
0.811062 7 0.999907
0.810868 7 0.999908
0.810675 7 0.999909
0.810482 7 0.99991
0.810288 7 0.999912
0.810095 7 0.999913
0.809708 7 0.999915
0.809128 7 0.999916
0.808934 7 0.999919
0.808548 7 0.99992
0.808161 7 0.999921
0.807968 7 0.999922
0.807774 7 0.999924
0.807581 7 0.999925
0.807387 7 0.999926
0.807194 7 0.999928
0.806227 7 0.999929
0.80584 7 0.99993
0.805453 7 0.999935
0.80526 7 0.999936
0.805067 7 0.999937
0.804873 7 0.999938
0.804293 7 0.999939
0.803906 6 0.99994
0.803326 6 0.999943
0.802939 6 0.999944
0.802746 6 0.999946
0.802359 6 0.999947
0.802166 6 0.999948
0.801973 6 0.99995
0.801779 6 0.999951
0.801586 6 0.999952
0.801392 6 0.999953
0.801006 6 0.999954
0.800812 6 0.999956
0.800039 6 0.999957
0.799652 6 0.999958
0.799459 6 0.999959
0.799072 6 0.99996
0.798685 6 0.999961
0.798492 6 0.999963
0.798105 6 0.999964
0.797525 5 0.999965
0.797138 5 0.999966
0.796364 5 0.999967
0.796171 5 0.999968
0.795978 4 0.999969
0.795397 4 0.99997
0.794044 4 0.999972
0.793464 4 0.999973
0.793077 4 0.999974
0.79211 4 0.999975
0.791336 4 0.999976
0.790756 4 0.999977
0.789402 4 0.999978
0.788629 4 0.999979
0.788436 4 0.99998
0.788242 4 0.999981
0.787082 4 0.999982
0.786308 4 0.999983
0.785535 4 0.999984
0.784955 4 0.999985
0.783988 4 0.999986
0.783021 4 0.999987
0.781474 4 0.999988
0.78012 4 0.999989
0.77954 4 0.99999
0.77896 4 0.999991
0.777993 3 0.999992
0.775479 3 0.999993
0.773738 3 0.999994
0.772191 3 0.999995
0.767743 3 0.999996
0.764456 1 0.999997
0.759041 1 0.999998
0.749952 0 0.999999
0.73216 0 1
0 0 1.79769e+308
