0.925353 401 0.401093
0.925353 400 0.401305
0.925353 399 0.401686
0.925353 398 0.401815
0.925353 397 0.401866
0.925353 396 0.402028
0.925353 395 0.402416
0.925353 394 0.40311
0.925353 393 0.40352
0.925353 392 0.405039
0.925353 391 0.406343
0.925353 390 0.406478
0.925353 389 0.407333
0.92516 389 0.409437
0.92516 388 0.410577
0.92516 387 0.412989
0.92516 386 0.413305
0.92516 385 0.414106
0.92516 384 0.414655
0.92516 383 0.415146
0.92516 382 0.415431
0.92516 381 0.417576
0.92516 380 0.417839
0.92516 379 0.418227
0.92516 378 0.418439
0.924966 378 0.419982
0.924966 377 0.420772
0.924966 376 0.421681
0.924966 375 0.422068
0.924966 374 0.422561
0.924966 373 0.423846
0.924773 373 0.424019
0.924773 372 0.424172
0.924579 372 0.425806
0.924579 371 0.426324
0.924579 370 0.427354
0.924386 370 0.428366
0.924386 369 0.428412
0.924386 368 0.428586
0.924386 367 0.429263
0.924386 366 0.436274
0.924386 365 0.436469
0.924386 364 0.436483
0.924386 363 0.438641
0.924386 362 0.438714
0.924386 361 0.440089
0.924386 360 0.440409
0.924193 360 0.441058
0.923999 360 0.441488
0.923806 360 0.444478
0.923612 360 0.445044
0.923612 359 0.447377
0.923419 359 0.447716
0.923419 358 0.44847
0.923419 357 0.449045
0.923419 356 0.449704
0.923419 355 0.450448
0.923419 354 0.45062
0.923419 353 0.451875
0.923419 352 0.454161
0.923419 351 0.454234
0.923419 350 0.455361
0.923419 349 0.456104
0.923419 348 0.457861
0.923419 347 0.458025
0.923419 346 0.460108
0.923419 345 0.46117
0.923419 344 0.462227
0.923419 343 0.463339
0.923226 343 0.463983
0.923226 342 0.464511
0.923226 341 0.465346
0.923226 340 0.466119
0.923226 339 0.466329
0.923032 339 0.467411
0.923032 338 0.468149
0.923032 337 0.468253
0.923032 336 0.469332
0.923032 335 0.469624
0.923032 334 0.470155
0.923032 333 0.4703
0.923032 332 0.473044
0.923032 331 0.474082
0.923032 330 0.474781
0.923032 329 0.474846
0.922839 329 0.47584
0.922839 328 0.477416
0.922646 328 0.479141
0.922646 327 0.479507
0.922646 326 0.480833
0.922452 326 0.481441
0.922452 325 0.481446
0.922452 324 0.483184
0.922452 323 0.483219
0.922452 322 0.483278
0.922452 321 0.483339
0.922452 320 0.486569
0.922452 319 0.487056
0.922259 319 0.488644
0.922259 318 0.491091
0.922259 317 0.493568
0.922259 316 0.49365
0.922259 315 0.496161
0.922259 314 0.498875
0.922065 314 0.499018
0.922065 313 0.499505
0.921872 313 0.500456
0.921872 312 0.50102
0.921679 312 0.501184
0.921679 311 0.501341
0.921679 310 0.502038
0.921679 309 0.504805
0.921679 308 0.505203
0.921679 307 0.506388
0.921679 306 0.509416
0.921485 306 0.51016
0.921292 306 0.510727
0.921098 306 0.511283
0.921098 305 0.512202
0.920905 305 0.515357
0.920905 304 0.516439
0.920905 303 0.516546
0.920905 302 0.517547
0.920712 302 0.518239
0.920712 301 0.520132
0.920712 300 0.522803
0.920518 300 0.523294
0.920325 300 0.52618
0.920325 299 0.527073
0.920325 298 0.529309
0.920132 298 0.529397
0.919938 298 0.529496
0.919938 297 0.531773
0.919938 296 0.532901
0.919938 295 0.534627
0.919745 295 0.535792
0.919551 295 0.535994
0.919358 295 0.536482
0.919358 294 0.536979
0.919358 293 0.537226
0.919165 293 0.538309
0.919165 292 0.539488
0.919165 291 0.539962
0.919165 290 0.542341
0.918971 290 0.542387
0.918971 289 0.544559
0.918971 288 0.544577
0.918971 287 0.544638
0.918778 287 0.545297
0.918778 286 0.549958
0.918778 285 0.551759
0.918584 285 0.55188
0.918584 284 0.552794
0.918391 284 0.553595
0.918198 284 0.553813
0.918004 284 0.554007
0.918004 283 0.555583
0.918004 282 0.556506
0.918004 281 0.556766
0.917811 281 0.557976
0.917811 280 0.559188
0.917617 280 0.559348
0.917617 279 0.559626
0.917424 279 0.561924
0.917424 278 0.56345
0.917231 278 0.564617
0.917231 277 0.566402
0.917037 277 0.567135
0.917037 276 0.56765
0.917037 275 0.568274
0.917037 274 0.568372
0.916844 274 0.56838
0.916844 273 0.568413
0.916844 272 0.570043
0.916844 271 0.571117
0.916844 270 0.572468
0.916844 269 0.572543
0.916844 268 0.573702
0.916651 268 0.576406
0.916651 267 0.579125
0.916651 266 0.579216
0.916651 265 0.579216
0.916651 264 0.579678
0.916651 263 0.579838
0.916457 263 0.579954
0.916457 262 0.580923
0.916457 261 0.581015
0.916457 260 0.5813
0.916457 259 0.58285
0.916457 258 0.584169
0.916457 257 0.585248
0.916457 256 0.585374
0.916457 255 0.585882
0.916457 254 0.586512
0.916457 253 0.586644
0.916457 252 0.587855
0.916457 250 0.588472
0.916457 249 0.588487
0.916264 249 0.590249
0.916264 248 0.59099
0.916264 247 0.59282
0.916264 246 0.598728
0.916264 245 0.5988
0.916264 244 0.598877
0.916264 243 0.599554
0.916264 242 0.59983
0.916264 241 0.600227
0.916264 240 0.600704
0.916264 239 0.602583
0.916264 238 0.603667
0.916264 237 0.604855
0.916264 236 0.607668
0.916264 235 0.608124
0.916264 234 0.608625
0.916264 233 0.610024
0.916264 232 0.610735
0.916264 231 0.611213
0.916264 230 0.61284
0.916264 229 0.613347
0.91607 229 0.614138
0.915877 229 0.614143
0.915877 228 0.614248
0.915684 228 0.618506
0.91549 228 0.6197
0.91549 227 0.620327
0.91549 226 0.621279
0.915297 226 0.622223
0.915297 225 0.622906
0.915103 225 0.623179
0.91491 225 0.62333
0.91491 224 0.6244
0.91491 223 0.625794
0.91491 222 0.625955
0.91491 221 0.62643
0.914717 221 0.628218
0.914717 220 0.629521
0.914717 219 0.631261
0.914717 218 0.63314
0.914717 217 0.63448
0.914523 217 0.634758
0.91433 217 0.635391
0.91433 216 0.635477
0.91433 215 0.636737
0.91433 214 0.639076
0.91433 213 0.639744
0.91433 212 0.641897
0.91433 211 0.645849
0.914137 211 0.645904
0.913943 211 0.64667
0.913943 210 0.647331
0.91375 210 0.647502
0.91375 209 0.649878
0.91375 208 0.650296
0.913556 208 0.651283
0.913556 207 0.651573
0.913556 206 0.651926
0.913556 205 0.652851
0.913556 204 0.657507
0.913363 204 0.657987
0.913363 203 0.659609
0.913363 202 0.660039
0.91317 202 0.662737
0.912976 202 0.663199
0.912976 201 0.663607
0.912976 200 0.663774
0.912783 200 0.664324
0.912783 199 0.664352
0.912589 199 0.66498
0.912589 198 0.665149
0.912589 197 0.665578
0.912396 197 0.666432
0.912396 196 0.667725
0.912203 196 0.667829
0.912203 195 0.668697
0.912203 194 0.668717
0.912009 194 0.669222
0.912009 193 0.669778
0.911816 193 0.670352
0.911816 192 0.670708
0.911623 192 0.671318
0.911429 192 0.671347
0.911429 191 0.671454
0.911236 191 0.671516
0.911042 191 0.671847
0.911042 190 0.672435
0.911042 189 0.673499
0.911042 188 0.67464
0.911042 187 0.67492
0.911042 186 0.675183
0.910849 186 0.675823
0.910849 185 0.67987
0.910849 184 0.68033
0.910849 183 0.680875
0.910849 182 0.6816
0.910656 182 0.682814
0.910656 181 0.683511
0.910462 181 0.684698
0.910462 180 0.687784
0.910462 179 0.690393
0.910462 178 0.690411
0.910462 177 0.690917
0.910269 177 0.693082
0.910269 176 0.6943
0.910269 175 0.694803
0.910269 174 0.695891
0.910269 173 0.699193
0.910269 172 0.69976
0.910075 172 0.701759
0.910075 171 0.70415
0.909882 171 0.705666
0.909882 170 0.708072
0.909882 169 0.70855
0.909882 168 0.709141
0.909689 168 0.709449
0.909495 168 0.709639
0.909302 168 0.710029
0.909302 167 0.710601
0.909108 167 0.711334
0.909108 166 0.711738
0.909108 165 0.71359
0.908915 165 0.714067
0.908915 164 0.714807
0.908915 163 0.716647
0.908722 163 0.717026
0.908722 162 0.717518
0.908722 161 0.717543
0.908722 160 0.719254
0.908528 160 0.7199
0.908335 160 0.720452
0.908142 160 0.721492
0.908142 159 0.723422
0.908142 158 0.727851
0.908142 157 0.729626
0.907948 157 0.732315
0.907755 157 0.73306
0.907755 156 0.733353
0.907368 156 0.735463
0.907175 156 0.73664
0.906981 156 0.741101
0.906981 155 0.745812
0.906788 155 0.746559
0.906788 154 0.746865
0.906788 153 0.748742
0.906594 153 0.749366
0.906594 152 0.749574
0.906594 151 0.75132
0.906401 151 0.753069
0.906401 150 0.754902
0.906208 150 0.755076
0.906208 149 0.755224
0.906014 149 0.755574
0.905821 149 0.75952
0.905821 148 0.761662
0.905628 148 0.763198
0.905628 147 0.763557
0.905434 147 0.764754
0.905434 146 0.765033
0.905434 145 0.769134
0.905434 144 0.76968
0.905434 143 0.769897
0.905434 142 0.771264
0.905241 142 0.772665
0.905241 141 0.772699
0.905241 140 0.774814
0.905047 140 0.777383
0.904854 140 0.778412
0.904661 140 0.781098
0.904661 139 0.783024
0.904661 138 0.783383
0.904661 137 0.784202
0.904661 136 0.785542
0.904661 135 0.7862
0.904467 135 0.787234
0.904274 135 0.787249
0.904274 134 0.787951
0.90408 134 0.788174
0.90408 133 0.789037
0.903887 133 0.790594
0.903694 133 0.796742
0.9035 133 0.796954
0.903307 133 0.79728
0.903307 132 0.798097
0.903307 131 0.799493
0.903307 130 0.802188
0.903307 129 0.802297
0.903114 129 0.803776
0.90292 129 0.804832
0.90292 128 0.805969
0.902727 128 0.807537
0.902727 127 0.808136
0.902727 126 0.808342
0.902533 126 0.808673
0.90234 126 0.810222
0.90234 125 0.811304
0.90234 124 0.811466
0.902147 124 0.811814
0.901953 124 0.812906
0.90176 124 0.812934
0.901566 124 0.814465
0.901373 124 0.815944
0.901373 123 0.816761
0.901373 122 0.816804
0.90118 122 0.817515
0.900986 122 0.818068
0.900986 121 0.818996
0.900793 121 0.819132
0.900793 120 0.820798
0.900599 120 0.822695
0.900406 120 0.823106
0.900213 120 0.823137
0.900019 120 0.8235
0.900019 119 0.823672
0.899826 119 0.824511
0.899826 118 0.824522
0.899826 117 0.825317
0.899633 117 0.826831
0.899633 116 0.826892
0.899633 115 0.826897
0.899633 114 0.828271
0.899633 113 0.83049
0.899439 113 0.832949
0.899439 112 0.834373
0.899246 112 0.835875
0.899246 111 0.836355
0.899246 110 0.84011
0.899052 110 0.841328
0.898859 110 0.844699
0.898666 110 0.845493
0.898666 109 0.845915
0.898666 108 0.845947
0.898666 107 0.849037
0.898472 107 0.849707
0.898279 107 0.849744
0.898279 106 0.850768
0.898085 106 0.851647
0.897892 106 0.853433
0.897699 106 0.860181
0.897699 105 0.860423
0.897505 105 0.8609
0.897312 105 0.861462
0.897312 104 0.863765
0.897312 103 0.864244
0.897312 102 0.864326
0.897119 102 0.866381
0.897119 101 0.867527
0.896925 101 0.868371
0.896925 100 0.870599
0.896925 99 0.872885
0.896925 98 0.87408
0.896732 98 0.876352
0.896538 98 0.87654
0.896345 98 0.877531
0.896152 98 0.877697
0.895958 98 0.877758
0.895958 97 0.87826
0.895765 97 0.878324
0.895571 97 0.878789
0.895571 96 0.879581
0.895378 96 0.879751
0.895185 96 0.881409
0.894991 96 0.881469
0.894991 95 0.881494
0.894991 94 0.882071
0.894798 94 0.88293
0.894605 94 0.883558
0.894411 94 0.883723
0.894411 93 0.883833
0.894411 92 0.884472
0.894411 91 0.884689
0.894411 90 0.886256
0.894218 90 0.887466
0.894218 89 0.887962
0.894218 88 0.88839
0.894218 87 0.888911
0.894218 86 0.890148
0.894024 86 0.890835
0.894024 85 0.892718
0.894024 84 0.892744
0.893831 84 0.894141
0.893638 84 0.89569
0.893444 84 0.895911
0.893251 84 0.89631
0.893057 84 0.89839
0.893057 83 0.898459
0.893057 82 0.899391
0.893057 81 0.900214
0.892864 81 0.90077
0.892671 81 0.901535
0.892477 81 0.903664
0.892284 81 0.903891
0.892284 80 0.904181
0.892284 79 0.905078
0.892091 79 0.905891
0.891897 79 0.906747
0.891897 78 0.906804
0.891704 78 0.906909
0.89151 78 0.906971
0.891317 78 0.907121
0.891124 78 0.907289
0.89093 78 0.910193
0.890737 78 0.910524
0.890543 78 0.910653
0.890543 77 0.911003
0.890543 76 0.912765
0.89035 76 0.913427
0.890157 76 0.913687
0.889963 76 0.914182
0.889963 75 0.91522
0.889963 74 0.915246
0.88977 74 0.916277
0.889576 74 0.917879
0.889383 74 0.919507
0.88919 74 0.920429
0.888996 74 0.921054
0.888803 74 0.921688
0.88861 74 0.92187
0.888416 74 0.922541
0.888223 74 0.922612
0.888029 74 0.923886
0.888029 73 0.924113
0.888029 72 0.924587
0.887836 72 0.925124
0.887643 72 0.925463
0.887449 72 0.92723
0.887449 71 0.927305
0.887449 70 0.927595
0.887256 70 0.927805
0.887062 70 0.928232
0.886869 70 0.928395
0.886676 70 0.929543
0.886676 69 0.929921
0.886676 68 0.930392
0.886676 67 0.930646
0.886482 67 0.931623
0.886289 67 0.93271
0.886096 67 0.932739
0.885902 67 0.933009
0.885709 67 0.934142
0.885515 67 0.934395
0.885515 66 0.934412
0.885515 65 0.934419
0.885515 64 0.934988
0.885515 63 0.935277
0.885515 62 0.935401
0.885322 62 0.935878
0.885129 62 0.935951
0.885129 61 0.936434
0.884935 61 0.936445
0.884742 61 0.936598
0.884548 61 0.936761
0.884548 60 0.937253
0.884355 60 0.938115
0.884162 60 0.938643
0.883968 60 0.938809
0.883968 59 0.939747
0.883775 59 0.939899
0.883582 59 0.940373
0.883582 58 0.940404
0.883388 58 0.941495
0.883195 58 0.941789
0.883001 58 0.942864
0.882808 58 0.943245
0.882615 58 0.943713
0.882421 58 0.943955
0.882228 58 0.944104
0.882034 58 0.944442
0.881841 58 0.944594
0.881841 57 0.944605
0.881648 57 0.944994
0.881454 57 0.945781
0.881261 57 0.946081
0.881067 57 0.946365
0.880874 57 0.947212
0.880681 57 0.947837
0.880487 57 0.947986
0.880294 57 0.94814
0.880101 57 0.948334
0.879907 57 0.950115
0.879714 57 0.950243
0.87952 57 0.950311
0.879327 57 0.950486
0.879134 57 0.950618
0.87894 57 0.950738
0.878747 57 0.950817
0.878553 57 0.95095
0.87836 57 0.9511
0.878167 57 0.952014
0.877973 57 0.952026
0.877973 56 0.952181
0.877973 55 0.952249
0.87778 55 0.95355
0.877587 55 0.95363
0.877393 55 0.953834
0.877393 54 0.953902
0.8772 54 0.954476
0.8772 53 0.954593
0.877006 53 0.954879
0.876813 53 0.954949
0.87662 53 0.954963
0.87662 52 0.957003
0.87662 51 0.957151
0.87662 50 0.957569
0.876426 50 0.957935
0.876233 50 0.959401
0.876039 50 0.959526
0.875846 50 0.959576
0.875846 49 0.959652
0.875846 48 0.960138
0.875653 48 0.960153
0.875459 48 0.960362
0.875266 48 0.961807
0.875073 48 0.962897
0.875073 47 0.963281
0.874879 47 0.964559
0.874686 47 0.964569
0.874492 47 0.965434
0.874299 47 0.965522
0.874106 47 0.965786
0.873912 47 0.966023
0.873719 47 0.966086
0.873525 47 0.966342
0.873332 47 0.967185
0.873139 47 0.967682
0.872945 47 0.967857
0.872752 47 0.968058
0.872558 47 0.968194
0.872365 47 0.96823
0.872172 47 0.968765
0.871978 47 0.968796
0.871785 47 0.968923
0.871592 47 0.969079
0.871398 47 0.969087
0.871205 47 0.969144
0.871011 47 0.969729
0.870818 47 0.969782
0.870818 46 0.969792
0.870625 46 0.970379
0.870238 46 0.970454
0.870044 46 0.970851
0.869851 46 0.971047
0.869658 46 0.97108
0.869658 45 0.971202
0.869464 45 0.972287
0.869271 45 0.972315
0.869078 45 0.972423
0.868884 45 0.972667
0.868691 45 0.972931
0.868691 44 0.973063
0.868497 44 0.973435
0.868304 44 0.974446
0.868111 44 0.974971
0.867917 44 0.975217
0.867724 44 0.975444
0.86753 44 0.975521
0.867337 44 0.975992
0.867144 44 0.976006
0.867144 43 0.976117
0.867144 42 0.976258
0.86695 42 0.976764
0.866757 42 0.976925
0.866564 42 0.977002
0.86637 42 0.977165
0.866177 42 0.977693
0.865983 42 0.977906
0.86579 42 0.977926
0.86579 41 0.97804
0.865597 41 0.978284
0.865403 41 0.978285
0.86521 41 0.978571
0.865016 41 0.978719
0.864823 41 0.978781
0.86463 41 0.979026
0.864436 41 0.97916
0.864243 41 0.979517
0.86405 41 0.979659
0.863856 41 0.980149
0.863663 41 0.98017
0.863469 41 0.980261
0.863276 41 0.980319
0.863083 41 0.980508
0.862889 41 0.981061
0.862696 41 0.981167
0.862696 40 0.981612
0.862502 40 0.981631
0.862309 40 0.981685
0.862116 40 0.981694
0.861922 40 0.981715
0.861729 40 0.982007
0.861535 40 0.982111
0.861342 40 0.982133
0.861149 40 0.982235
0.860955 40 0.982385
0.860762 40 0.982632
0.860569 40 0.982697
0.860375 40 0.982964
0.860182 40 0.982968
0.859988 40 0.983118
0.859795 40 0.983132
0.859602 40 0.983134
0.859408 40 0.983174
0.859215 40 0.983373
0.859021 40 0.983483
0.858828 40 0.983516
0.858635 40 0.983698
0.858441 40 0.983701
0.858248 40 0.983787
0.858248 39 0.983822
0.858055 39 0.984197
0.857861 39 0.984489
0.857861 38 0.984604
0.857668 38 0.984645
0.857474 38 0.984675
0.857281 38 0.984704
0.857088 38 0.984814
0.857088 37 0.984848
0.856894 37 0.984896
0.856701 37 0.98493
0.856507 37 0.985034
0.856314 37 0.985126
0.856121 37 0.985138
0.856121 36 0.985466
0.856121 35 0.985676
0.855927 35 0.98582
0.855734 35 0.985876
0.855541 35 0.985915
0.855347 35 0.986001
0.855347 34 0.986055
0.855154 34 0.986181
0.855154 33 0.986297
0.85496 33 0.986357
0.854767 33 0.986568
0.854574 33 0.986592
0.85438 33 0.986873
0.854187 33 0.987136
0.853993 33 0.987171
0.8538 33 0.987328
0.8538 32 0.987406
0.8538 31 0.987493
0.853607 31 0.987555
0.853413 31 0.987573
0.85322 31 0.987701
0.853026 31 0.987782
0.852833 31 0.987878
0.85264 31 0.987961
0.85264 30 0.988324
0.852446 30 0.988441
0.852253 30 0.98849
0.85206 30 0.988576
0.851866 30 0.988606
0.851673 30 0.988743
0.851673 29 0.988745
0.851479 29 0.988787
0.851286 29 0.988935
0.851093 29 0.98902
0.851093 28 0.989033
0.850899 28 0.989096
0.850706 28 0.989113
0.850512 28 0.989245
0.850512 27 0.989296
0.850319 27 0.989389
0.850126 27 0.989425
0.849932 27 0.989571
0.849739 27 0.989589
0.849546 27 0.9896
0.849352 27 0.989606
0.849159 27 0.989622
0.848965 27 0.989654
0.848772 27 0.989751
0.848579 27 0.989865
0.848385 27 0.989877
0.848192 27 0.989972
0.847998 27 0.989978
0.847805 27 0.990068
0.847612 27 0.990321
0.847418 27 0.990354
0.847418 26 0.99047
0.847225 26 0.990487
0.847032 26 0.990488
0.846838 26 0.990491
0.846645 26 0.990494
0.846451 26 0.990545
0.846258 26 0.990655
0.846065 26 0.990722
0.845871 26 0.990789
0.845678 26 0.990842
0.845484 26 0.990847
0.845291 26 0.990946
0.845098 26 0.990956
0.844904 26 0.991042
0.844904 25 0.991072
0.844711 25 0.99108
0.844518 25 0.991084
0.844324 25 0.991097
0.844131 25 0.991304
0.843937 25 0.991311
0.843744 25 0.991389
0.843551 25 0.991695
0.843357 25 0.991753
0.843164 25 0.991805
0.84297 25 0.991868
0.842777 25 0.992055
0.842584 25 0.992112
0.84239 25 0.992173
0.842197 25 0.992189
0.842003 25 0.992209
0.84181 25 0.992243
0.84181 24 0.992428
0.841617 24 0.992442
0.841423 24 0.992562
0.84123 24 0.992631
0.841037 24 0.992644
0.840843 24 0.992687
0.84065 24 0.992692
0.840456 24 0.992769
0.840263 24 0.992776
0.84007 24 0.992786
0.839876 24 0.992887
0.839683 24 0.992888
0.839683 23 0.993225
0.839489 23 0.993355
0.839296 23 0.993385
0.839103 23 0.993398
0.838909 23 0.993407
0.838716 23 0.993447
0.838523 23 0.993531
0.838329 23 0.993531
0.838329 22 0.993567
0.838136 22 0.993592
0.837942 22 0.993602
0.837749 22 0.99373
0.837556 22 0.993823
0.837556 21 0.994003
0.837362 21 0.994008
0.837169 21 0.994017
0.836975 21 0.99405
0.836782 21 0.994054
0.836782 20 0.994101
0.836589 20 0.994114
0.836395 20 0.994187
0.836202 20 0.994245
0.836009 20 0.994282
0.835815 20 0.994366
0.835622 20 0.994399
0.835428 20 0.994439
0.835235 20 0.994519
0.835042 20 0.994554
0.834848 20 0.994571
0.834655 20 0.994602
0.834461 20 0.994625
0.834268 20 0.994651
0.834075 20 0.994654
0.833881 20 0.994655
0.833688 20 0.994698
0.833494 20 0.994733
0.833301 20 0.994741
0.833108 20 0.994795
0.832914 20 0.994801
0.832721 20 0.994802
0.832528 20 0.994816
0.832334 20 0.994909
0.832141 20 0.99496
0.831947 20 0.994965
0.831754 20 0.995015
0.831561 20 0.995049
0.831367 20 0.995052
0.831174 20 0.995077
0.83098 20 0.995108
0.830787 20 0.995133
0.830594 20 0.995152
0.8304 20 0.99516
0.830207 20 0.995164
0.830014 20 0.995197
0.82982 20 0.995219
0.829627 20 0.995228
0.829433 20 0.99529
0.82924 20 0.99531
0.829047 20 0.995381
0.828853 20 0.995385
0.82866 20 0.995406
0.828466 20 0.995465
0.828466 19 0.995469
0.828273 19 0.995589
0.82808 19 0.995685
0.827886 19 0.99569
0.827693 19 0.995695
0.8275 19 0.995767
0.827306 19 0.995771
0.827113 19 0.995781
0.826919 19 0.995798
0.826726 19 0.995882
0.826533 19 0.995899
0.826339 19 0.995918
0.826146 19 0.995919
0.825952 19 0.995937
0.825759 19 0.995967
0.825566 19 0.995988
0.825372 19 0.996036
0.825179 19 0.996079
0.824985 19 0.99608
0.824792 19 0.996156
0.824599 19 0.996157
0.824405 19 0.996179
0.824212 19 0.996291
0.824019 19 0.996311
0.823825 19 0.996322
0.823632 19 0.996323
0.823438 19 0.996333
0.823245 19 0.99634
0.823052 19 0.996355
0.822858 19 0.996371
0.822665 19 0.996403
0.822471 19 0.996472
0.822278 19 0.996477
0.822085 19 0.996526
0.821891 19 0.99655
0.821698 19 0.996552
0.821505 19 0.996572
0.821311 19 0.996606
0.821118 19 0.996618
0.820924 19 0.996628
0.820731 19 0.996643
0.820731 18 0.996659
0.820538 18 0.996661
0.820344 18 0.996689
0.820151 18 0.99671
0.819957 18 0.996718
0.819764 18 0.99672
0.819571 18 0.996779
0.819377 18 0.99679
0.819377 17 0.996804
0.819184 17 0.996814
0.818991 17 0.996844
0.818991 16 0.996844
0.818797 16 0.996944
0.818604 16 0.996965
0.81841 16 0.996967
0.818217 16 0.996983
0.818024 16 0.996996
0.81783 16 0.997009
0.817637 16 0.997012
0.817443 16 0.997017
0.81725 16 0.997033
0.817057 16 0.997034
0.816863 16 0.997035
0.81667 16 0.997044
0.816477 16 0.997045
0.816283 16 0.997047
0.81609 16 0.997065
0.815896 16 0.997076
0.815703 16 0.99709
0.81551 16 0.997121
0.815316 16 0.997144
0.815123 16 0.997159
0.814929 16 0.997172
0.814736 16 0.997186
0.814543 16 0.997219
0.814349 16 0.997225
0.814156 16 0.997242
0.813962 16 0.997254
0.813769 16 0.997274
0.813769 15 0.997276
0.813576 15 0.99728
0.813382 15 0.997283
0.813189 15 0.997285
0.812996 15 0.997297
0.812802 15 0.997318
0.812609 15 0.997342
0.812415 15 0.997362
0.812029 15 0.997372
0.811835 15 0.997378
0.811642 15 0.997398
0.811448 15 0.997407
0.811255 15 0.997424
0.811062 15 0.997459
0.810868 15 0.997459
0.810675 15 0.997485
0.810482 15 0.997487
0.810288 15 0.997508
0.810095 15 0.997513
0.809901 15 0.99753
0.809708 15 0.997532
0.809515 15 0.997533
0.809321 15 0.997552
0.809128 15 0.997556
0.808934 15 0.997562
0.808741 15 0.997563
0.808548 15 0.99758
0.808354 15 0.997587
0.808161 15 0.997614
0.807968 15 0.997634
0.807774 15 0.997638
0.807581 15 0.997639
0.807387 15 0.997656
0.807194 15 0.997674
0.807001 15 0.997701
0.806807 15 0.997705
0.806614 15 0.99773
0.80642 15 0.997734
0.806227 15 0.997742
0.806034 15 0.997784
0.806034 14 0.997801
0.80584 14 0.997807
0.805647 14 0.997825
0.805453 14 0.997848
0.80526 14 0.99786
0.805067 14 0.997878
0.804873 14 0.997883
0.80468 14 0.997885
0.804487 14 0.997937
0.804293 14 0.997955
0.8041 14 0.997957
0.8041 13 0.997974
0.8041 12 0.997985
0.8041 11 0.997989
0.803906 11 0.997991
0.803713 11 0.99801
0.80352 11 0.998033
0.803326 11 0.998044
0.803133 11 0.998079
0.802939 11 0.998147
0.802746 11 0.99815
0.802553 11 0.998204
0.802359 11 0.998206
0.802166 11 0.998219
0.801973 11 0.998236
0.801779 11 0.998273
0.801586 11 0.998279
0.801392 11 0.998288
0.801199 11 0.998302
0.801006 11 0.998305
0.800812 11 0.99833
0.800619 11 0.998331
0.800619 10 0.998352
0.800425 10 0.998367
0.800232 10 0.998368
0.800039 10 0.998373
0.799845 10 0.99839
0.799652 10 0.998404
0.799459 10 0.998406
0.799265 10 0.998411
0.799072 10 0.998427
0.798878 10 0.998433
0.798685 10 0.99846
0.798492 10 0.99846
0.798298 10 0.998462
0.798105 10 0.998473
0.797911 10 0.998477
0.797718 10 0.998495
0.797525 10 0.998495
0.797331 10 0.998519
0.797138 10 0.998521
0.796944 10 0.998527
0.796751 10 0.998528
0.796558 10 0.998539
0.796364 10 0.998554
0.796171 10 0.998565
0.795978 10 0.998568
0.795784 10 0.998588
0.795591 10 0.998595
0.795591 9 0.998595
0.795397 9 0.998596
0.795204 9 0.998603
0.795011 9 0.998606
0.795011 8 0.998607
0.794817 8 0.99861
0.794624 8 0.998621
0.79443 8 0.998627
0.794237 8 0.99863
0.794044 8 0.99863
0.79385 8 0.998636
0.793657 8 0.998643
0.793464 8 0.99867
0.79327 8 0.998673
0.793077 8 0.998681
0.792883 8 0.998684
0.79269 8 0.998688
0.792497 8 0.998689
0.792303 8 0.998696
0.792303 7 0.998699
0.79211 7 0.998704
0.791916 7 0.998717
0.791723 7 0.998721
0.79153 7 0.998725
0.791336 7 0.998735
0.791143 7 0.998767
0.79095 7 0.998773
0.790756 7 0.998791
0.790563 7 0.998792
0.790369 7 0.998807
0.790176 7 0.998809
0.789789 7 0.998824
0.789596 7 0.998825
0.789402 7 0.998828
0.789209 7 0.998831
0.789016 7 0.998836
0.788822 7 0.998842
0.788629 7 0.998844
0.788436 7 0.998849
0.788242 7 0.998853
0.788049 7 0.998854
0.787855 7 0.998862
0.787855 6 0.998891
0.787662 6 0.998896
0.787469 6 0.998909
0.787275 6 0.998911
0.787082 6 0.998916
0.786888 6 0.998931
0.786695 6 0.998934
0.786502 6 0.998942
0.786308 6 0.998952
0.786115 6 0.998952
0.785921 6 0.998953
0.785728 6 0.998966
0.785535 6 0.998968
0.785341 6 0.998972
0.785148 6 0.998977
0.784955 6 0.99898
0.784761 6 0.998985
0.784568 6 0.998985
0.784374 6 0.998991
0.784181 6 0.998997
0.783988 6 0.999029
0.783794 6 0.999032
0.783601 6 0.999056
0.783407 6 0.999058
0.783214 6 0.999062
0.783021 6 0.999065
0.782827 6 0.999066
0.782634 6 0.999067
0.782441 6 0.999074
0.782247 6 0.999075
0.782054 6 0.99908
0.78186 6 0.999083
0.781667 6 0.999088
0.781474 6 0.999089
0.78128 6 0.999091
0.781087 6 0.999105
0.780893 6 0.999107
0.7807 6 0.999109
0.780507 6 0.999113
0.780313 6 0.999121
0.78012 6 0.999127
0.779927 6 0.999145
0.779733 6 0.999145
0.77954 6 0.999147
0.779346 6 0.999148
0.779153 6 0.999153
0.77896 6 0.999159
0.778766 6 0.999169
0.778573 6 0.999176
0.778379 6 0.999179
0.778186 6 0.999181
0.777993 6 0.999185
0.777799 6 0.999188
0.777606 6 0.999188
0.777412 6 0.999191
0.777219 6 0.999203
0.777026 6 0.999212
0.776832 6 0.999212
0.776639 6 0.999213
0.776446 6 0.999214
0.776252 6 0.999217
0.776059 6 0.999218
0.775865 6 0.999227
0.775672 6 0.99923
0.775479 6 0.99924
0.775285 6 0.99924
0.775092 6 0.999245
0.774898 6 0.99925
0.774705 6 0.999252
0.774512 6 0.999253
0.774318 6 0.999261
0.774125 6 0.999261
0.773932 6 0.999262
0.773738 6 0.999265
0.773545 6 0.999268
0.773351 6 0.999269
0.773158 6 0.99927
0.772965 6 0.999278
0.772771 6 0.999281
0.772578 6 0.999286
0.772384 6 0.999289
0.772191 6 0.99929
0.771998 6 0.999294
0.771804 6 0.999294
0.771611 6 0.999301
0.771418 6 0.999304
0.771224 6 0.999309
0.771031 6 0.999311
0.770837 6 0.999314
0.770644 6 0.999322
0.770451 6 0.999324
0.770257 6 0.999327
0.770064 6 0.999327
0.76987 6 0.999328
0.769677 6 0.999331
0.769484 6 0.999349
0.769484 5 0.999351
0.76929 5 0.999357
0.769097 5 0.999361
0.768904 5 0.999361
0.76871 5 0.999364
0.768517 5 0.999372
0.768323 5 0.999375
0.76813 5 0.999378
0.767937 5 0.999383
0.767743 5 0.999398
0.76755 5 0.9994
0.767356 5 0.999405
0.767163 5 0.999409
0.76697 5 0.999413
0.766776 5 0.999415
0.766583 5 0.999417
0.766389 5 0.999419
0.766196 5 0.999426
0.766003 5 0.99943
0.765809 5 0.99944
0.765616 5 0.999442
0.765423 5 0.999445
0.765229 5 0.999446
0.765036 5 0.99945
0.764842 5 0.999454
0.764649 5 0.999461
0.764456 5 0.999462
0.764262 5 0.999462
0.764069 5 0.999463
0.763875 5 0.999466
0.763682 5 0.999468
0.763489 5 0.999469
0.763295 5 0.999473
0.763102 5 0.999473
0.762909 5 0.999474
0.762715 5 0.999474
0.762522 5 0.999475
0.762328 5 0.999476
0.762135 5 0.999478
0.761942 5 0.999478
0.761748 5 0.99948
0.761555 5 0.999483
0.761361 5 0.999484
0.761168 5 0.999485
0.760975 5 0.999488
0.760781 5 0.99949
0.760588 5 0.999493
0.760395 5 0.999495
0.760201 5 0.999496
0.760008 5 0.999499
0.759814 5 0.999502
0.759621 5 0.999503
0.759428 5 0.999504
0.759234 5 0.999507
0.759041 5 0.999508
0.758847 5 0.999508
0.758654 5 0.999517
0.758461 5 0.999519
0.758267 5 0.999525
0.758074 5 0.999528
0.75788 5 0.999528
0.757687 5 0.99953
0.757494 5 0.999536
0.7573 5 0.99954
0.757107 5 0.999545
0.756914 5 0.999545
0.75672 5 0.999546
0.756527 5 0.99955
0.756333 5 0.999552
0.75614 5 0.999555
0.755947 5 0.999557
0.755753 5 0.999559
0.75556 5 0.999559
0.755366 5 0.999561
0.755173 5 0.999562
0.75498 5 0.999563
0.754786 5 0.999566
0.754593 5 0.99957
0.7544 5 0.999572
0.754206 5 0.999576
0.754013 5 0.999578
0.753819 5 0.999582
0.753626 5 0.999584
0.753433 5 0.999587
0.753046 5 0.999589
0.752852 5 0.999592
0.752659 5 0.999595
0.752466 5 0.999596
0.752272 5 0.999598
0.752079 5 0.999602
0.751886 5 0.999602
0.751692 5 0.999605
0.751499 5 0.999611
0.751305 5 0.999615
0.751112 5 0.999617
0.750919 5 0.999619
0.750725 5 0.99962
0.750725 4 0.999621
0.750532 4 0.999622
0.750338 4 0.999624
0.750145 4 0.999628
0.749952 4 0.999632
0.749758 4 0.999633
0.749565 4 0.999638
0.749371 4 0.999638
0.749178 4 0.999639
0.748985 4 0.999641
0.748791 4 0.999643
0.748598 4 0.999644
0.748405 4 0.999646
0.748018 4 0.999646
0.747824 4 0.99965
0.747631 4 0.99965
0.747438 4 0.99965
0.747244 4 0.999651
0.747051 4 0.999655
0.746857 4 0.999655
0.746664 4 0.999656
0.746471 4 0.999658
0.746471 3 0.999659
0.746277 3 0.99966
0.746084 3 0.99966
0.745891 3 0.999661
0.745697 3 0.999663
0.745504 3 0.999664
0.74531 3 0.999665
0.745117 3 0.999674
0.744924 3 0.999674
0.74473 3 0.999676
0.744537 3 0.999677
0.744343 3 0.999677
0.74415 3 0.999681
0.743957 3 0.999684
0.743763 3 0.999684
0.74357 3 0.999686
0.743377 3 0.99969
0.743183 3 0.999691
0.74299 3 0.999691
0.742796 3 0.999699
0.742603 3 0.9997
0.74241 3 0.9997
0.742216 3 0.999701
0.742023 3 0.999704
0.741829 3 0.999705
0.741636 3 0.999711
0.741443 3 0.999711
0.741249 3 0.999712
0.741056 3 0.999713
0.740863 3 0.999719
0.740669 3 0.999722
0.740476 3 0.999724
0.740282 3 0.999724
0.740089 3 0.999724
0.739702 3 0.999729
0.739509 3 0.999729
0.739315 3 0.99973
0.739122 3 0.999731
0.738929 3 0.999735
0.738735 3 0.999735
0.738542 3 0.999736
0.738348 3 0.999737
0.738155 3 0.999738
0.737962 3 0.999739
0.737768 3 0.999741
0.737575 3 0.999742
0.737382 3 0.999743
0.737188 3 0.999743
0.736801 3 0.999744
0.736608 3 0.999744
0.736415 3 0.999745
0.736221 3 0.999745
0.736028 3 0.999746
0.735834 3 0.999748
0.735641 3 0.99975
0.735448 3 0.999751
0.735254 3 0.999753
0.735061 3 0.999754
0.734868 3 0.999756
0.734674 3 0.999756
0.734481 3 0.999758
0.734287 3 0.999758
0.734094 3 0.999758
0.733901 3 0.999759
0.733707 3 0.99976
0.733514 3 0.999761
0.73332 3 0.999762
0.733127 3 0.999763
0.732934 3 0.999763
0.73274 3 0.999764
0.732547 3 0.999764
0.732354 3 0.999766
0.73216 3 0.999768
0.731773 3 0.999769
0.73158 3 0.999772
0.731387 3 0.999772
0.731193 3 0.999773
0.731 3 0.999775
0.730806 3 0.999776
0.730613 3 0.999778
0.73042 3 0.999779
0.730226 3 0.999779
0.730033 3 0.999779
0.729646 3 0.99978
0.729453 3 0.999781
0.729259 3 0.999783
0.729066 3 0.999785
0.728873 3 0.999787
0.728679 3 0.999788
0.728486 3 0.999789
0.728292 3 0.999789
0.728099 3 0.99979
0.727906 3 0.99979
0.727712 3 0.999793
0.727519 3 0.999793
0.727325 3 0.999794
0.727132 3 0.999795
0.726939 3 0.999797
0.726745 3 0.999799
0.726552 3 0.999801
0.726359 3 0.999801
0.726165 3 0.999801
0.725972 3 0.999802
0.725778 3 0.999803
0.725585 3 0.999803
0.725392 3 0.999803
0.725005 3 0.999804
0.724811 3 0.999805
0.724618 3 0.999806
0.724425 3 0.99981
0.724231 3 0.999811
0.724038 3 0.999811
0.723845 3 0.999812
0.723651 3 0.999813
0.723458 3 0.999813
0.723264 3 0.999813
0.723071 3 0.999814
0.722878 3 0.999814
0.722684 3 0.999816
0.722491 3 0.999816
0.722297 3 0.999818
0.722104 3 0.999819
0.721911 3 0.99982
0.721717 3 0.999821
0.721524 3 0.999821
0.72133 3 0.999822
0.721137 3 0.999823
0.720944 3 0.999823
0.72075 3 0.999824
0.720557 3 0.999826
0.720364 3 0.999826
0.72017 3 0.999827
0.719977 3 0.999827
0.719783 3 0.999828
0.71959 3 0.999828
0.719397 3 0.999829
0.719203 3 0.99983
0.71901 3 0.999831
0.718816 3 0.999832
0.718623 3 0.999833
0.71843 3 0.999833
0.718236 3 0.999835
0.718043 3 0.999838
0.71785 3 0.999838
0.717656 3 0.999838
0.717463 3 0.999839
0.717269 3 0.999839
0.717076 3 0.99984
0.716689 3 0.99984
0.716496 3 0.999841
0.716302 3 0.999842
0.716109 3 0.999842
0.715916 3 0.999842
0.715722 3 0.999844
0.715529 3 0.999846
0.714949 3 0.999846
0.714755 3 0.999847
0.714562 3 0.999847
0.714369 3 0.999849
0.714175 3 0.999851
0.713982 3 0.999852
0.713788 3 0.999852
0.713595 3 0.999852
0.713208 3 0.999853
0.713015 3 0.999853
0.712822 3 0.999853
0.712628 3 0.999854
0.712435 3 0.999856
0.712048 3 0.999857
0.711855 3 0.999857
0.711661 3 0.999857
0.711468 3 0.999858
0.711274 3 0.999859
0.711081 3 0.999859
0.710888 3 0.99986
0.710694 3 0.99986
0.710501 3 0.999861
0.710307 3 0.999862
0.710114 3 0.999862
0.709727 3 0.999863
0.709341 3 0.999863
0.709147 3 0.999863
0.708954 3 0.999865
0.70876 3 0.999865
0.708567 3 0.999866
0.708374 3 0.999867
0.70818 3 0.999867
0.707987 3 0.999867
0.707793 3 0.999868
0.7076 3 0.999869
0.707407 3 0.999869
0.707213 3 0.99987
0.70702 3 0.99987
0.706827 3 0.999871
0.706633 3 0.999872
0.70644 3 0.999872
0.706246 3 0.999873
0.706053 3 0.999874
0.70586 3 0.999874
0.705473 3 0.999874
0.705279 3 0.999875
0.705086 3 0.999875
0.704893 3 0.999876
0.704699 3 0.999876
0.704506 3 0.999876
0.704313 3 0.999877
0.703926 3 0.999878
0.703732 3 0.999878
0.703539 3 0.999879
0.703346 3 0.99988
0.703152 3 0.99988
0.702959 3 0.999881
0.702765 3 0.999881
0.702572 3 0.999881
0.702379 3 0.999882
0.702185 3 0.999882
0.701992 3 0.999882
0.701605 3 0.999884
0.701412 3 0.999884
0.701025 3 0.999884
0.700832 3 0.999884
0.700638 3 0.999884
0.700445 3 0.999886
0.700251 3 0.999886
0.699865 3 0.999887
0.699671 3 0.999887
0.699284 3 0.999888
0.699091 3 0.999888
0.698898 3 0.99989
0.698704 3 0.999891
0.698511 3 0.999891
0.698318 3 0.999892
0.698124 3 0.999893
0.697931 3 0.999893
0.697737 3 0.999894
0.697544 3 0.999894
0.697351 3 0.999895
0.697157 3 0.999896
0.69677 3 0.999896
0.696577 3 0.999897
0.69619 3 0.999897
0.695997 3 0.999897
0.695804 3 0.999898
0.69561 3 0.999898
0.695417 3 0.999898
0.695223 3 0.999899
0.69503 3 0.9999
0.694643 3 0.999901
0.69445 3 0.999903
0.694256 3 0.999903
0.694063 3 0.999904
0.69387 3 0.999904
0.693676 3 0.999904
0.693289 3 0.999905
0.693096 3 0.999905
0.692903 3 0.999905
0.692516 3 0.999906
0.692323 3 0.999906
0.692129 3 0.999906
0.691936 3 0.999906
0.691742 3 0.999907
0.691549 3 0.999907
0.691356 3 0.999908
0.691162 3 0.999908
0.690775 3 0.999908
0.690582 3 0.999908
0.690195 3 0.999909
0.690002 3 0.999909
0.689615 3 0.999909
0.689422 3 0.99991
0.689422 2 0.999911
0.689228 2 0.999911
0.689035 2 0.999911
0.688842 2 0.999912
0.688648 2 0.999912
0.688455 2 0.999913
0.688261 2 0.999913
0.688068 2 0.999913
0.687875 2 0.999913
0.687681 2 0.999913
0.687488 2 0.999914
0.687295 2 0.999914
0.687101 2 0.999914
0.686908 2 0.999915
0.686714 2 0.999915
0.686328 2 0.999916
0.686134 2 0.999916
0.685941 2 0.999917
0.685747 2 0.999917
0.685554 2 0.999918
0.685167 2 0.999918
0.684974 2 0.999918
0.684781 1 0.999919
0.684587 1 0.999919
0.6842 1 0.999919
0.684007 1 0.999919
0.68362 1 0.999919
0.683427 1 0.99992
0.683233 1 0.99992
0.68304 1 0.99992
0.682847 1 0.99992
0.682653 1 0.99992
0.682266 1 0.999921
0.682073 1 0.999921
0.68188 1 0.999921
0.681686 1 0.999922
0.681493 1 0.999922
0.6813 1 0.999922
0.680913 1 0.999922
0.680719 1 0.999923
0.680526 1 0.999924
0.680333 1 0.999924
0.680139 1 0.999924
0.679946 1 0.999926
0.679752 1 0.999926
0.679366 1 0.999926
0.679172 1 0.999927
0.678786 1 0.999927
0.678592 1 0.999928
0.678399 1 0.999928
0.678205 1 0.999928
0.678012 1 0.999929
0.677819 1 0.999929
0.677625 1 0.999929
0.677432 1 0.999929
0.677238 1 0.999929
0.677045 1 0.999929
0.676852 1 0.99993
0.676658 1 0.99993
0.676465 1 0.999931
0.676272 1 0.999931
0.675885 1 0.999931
0.675498 1 0.999931
0.674918 1 0.999931
0.674724 1 0.999931
0.674531 1 0.999931
0.674338 1 0.999932
0.674144 1 0.999932
0.673951 1 0.999933
0.673757 1 0.999933
0.673564 1 0.999933
0.673177 1 0.999933
0.672791 1 0.999933
0.672597 1 0.999934
0.672404 1 0.999935
0.67221 1 0.999935
0.672017 1 0.999935
0.671824 1 0.999936
0.67163 1 0.999936
0.671437 1 0.999936
0.671243 1 0.999936
0.67105 1 0.999936
0.670663 1 0.999936
0.67047 1 0.999937
0.670277 1 0.999937
0.670083 1 0.999938
0.66989 1 0.999938
0.66931 1 0.999938
0.669116 1 0.999939
0.668923 1 0.999939
0.668729 1 0.999939
0.668536 1 0.999939
0.668343 1 0.99994
0.668149 1 0.99994
0.667956 1 0.99994
0.667763 1 0.999941
0.667569 1 0.999941
0.667376 1 0.999941
0.667182 1 0.999941
0.666989 1 0.999941
0.666796 1 0.999941
0.666602 1 0.999942
0.666409 1 0.999942
0.666215 1 0.999942
0.665829 1 0.999942
0.665635 1 0.999943
0.665442 1 0.999943
0.665249 1 0.999943
0.665055 1 0.999943
0.664475 1 0.999944
0.664282 1 0.999944
0.664088 1 0.999944
0.663701 1 0.999944
0.663508 1 0.999944
0.663315 1 0.999944
0.662928 1 0.999945
0.662734 1 0.999945
0.662154 1 0.999945
0.661961 1 0.999945
0.661768 1 0.999945
0.661574 1 0.999945
0.661381 1 0.999946
0.660994 1 0.999946
0.660801 1 0.999946
0.660607 1 0.999946
0.660414 1 0.999946
0.66022 1 0.999947
0.660027 1 0.999947
0.659834 1 0.999947
0.65964 1 0.999947
0.659447 1 0.999948
0.659254 1 0.999948
0.658867 1 0.999948
0.65848 1 0.999949
0.658287 1 0.999949
0.658287 0 0.999949
0.6579 0 0.999949
0.657706 0 0.99995
0.656933 0 0.99995
0.65674 0 0.99995
0.656546 0 0.99995
0.656353 0 0.999951
0.655773 0 0.999951
0.655386 0 0.999951
0.655192 0 0.999951
0.654999 0 0.999952
0.654806 0 0.999952
0.654612 0 0.999952
0.654225 0 0.999952
0.654032 0 0.999952
0.653452 0 0.999953
0.653065 0 0.999953
0.652678 0 0.999954
0.652485 0 0.999954
0.652292 0 0.999954
0.651905 0 0.999954
0.651711 0 0.999954
0.650938 0 0.999955
0.650745 0 0.999955
0.650551 0 0.999955
0.650358 0 0.999955
0.650164 0 0.999956
0.649971 0 0.999956
0.649778 0 0.999956
0.649197 0 0.999956
0.648811 0 0.999956
0.648231 0 0.999956
0.647457 0 0.999956
0.647264 0 0.999957
0.64707 0 0.999957
0.646683 0 0.999957
0.64649 0 0.999957
0.646297 0 0.999957
0.646103 0 0.999958
0.64591 0 0.999958
0.645716 0 0.999958
0.64533 0 0.999959
0.645136 0 0.999959
0.644943 0 0.999959
0.64475 0 0.999959
0.644169 0 0.999959
0.643976 0 0.999959
0.643396 0 0.999959
0.643202 0 0.99996
0.642622 0 0.99996
0.641849 0 0.99996
0.641655 0 0.99996
0.641462 0 0.99996
0.641269 0 0.99996
0.641075 0 0.999961
0.640688 0 0.999961
0.640495 0 0.999961
0.640302 0 0.999961
0.640108 0 0.999961
0.639915 0 0.999961
0.639528 0 0.999962
0.639335 0 0.999962
0.638948 0 0.999962
0.638755 0 0.999962
0.638368 0 0.999962
0.637788 0 0.999962
0.637401 0 0.999962
0.637014 0 0.999963
0.636821 0 0.999963
0.636627 0 0.999963
0.635854 0 0.999963
0.63566 0 0.999963
0.635467 0 0.999963
0.635274 0 0.999963
0.63508 0 0.999964
0.634693 0 0.999964
0.6345 0 0.999964
0.634307 0 0.999964
0.634113 0 0.999964
0.63392 0 0.999964
0.633727 0 0.999964
0.633533 0 0.999965
0.63276 0 0.999965
0.632179 0 0.999965
0.631986 0 0.999965
0.631793 0 0.999965
0.631019 0 0.999965
0.630439 0 0.999965
0.629665 0 0.999965
0.629279 0 0.999966
0.629085 0 0.999966
0.628505 0 0.999966
0.628312 0 0.999966
0.627732 0 0.999967
0.627538 0 0.999967
0.626958 0 0.999967
0.626571 0 0.999967
0.626378 0 0.999968
0.626184 0 0.999968
0.625991 0 0.999968
0.625798 0 0.999968
0.625218 0 0.999968
0.625024 0 0.999969
0.624251 0 0.999969
0.624057 0 0.999969
0.623864 0 0.999969
0.623477 0 0.999969
0.623284 0 0.999969
0.62309 0 0.99997
0.622704 0 0.99997
0.62251 0 0.99997
0.622123 0 0.99997
0.62193 0 0.99997
0.62135 0 0.99997
0.621156 0 0.999971
0.62077 0 0.999971
0.620576 0 0.999971
0.620383 0 0.999971
0.62019 0 0.999971
0.619996 0 0.999971
0.619609 0 0.999971
0.619223 0 0.999972
0.619029 0 0.999972
0.618836 0 0.999972
0.618449 0 0.999972
0.618256 0 0.999972
0.617869 0 0.999972
0.617482 0 0.999973
0.617289 0 0.999973
0.616515 0 0.999973
0.616128 0 0.999973
0.615742 0 0.999973
0.615355 0 0.999973
0.615161 0 0.999973
0.614775 0 0.999974
0.614581 0 0.999974
0.614195 0 0.999974
0.614001 0 0.999974
0.613808 0 0.999974
0.613614 0 0.999974
0.613421 0 0.999974
0.613228 0 0.999975
0.613034 0 0.999975
0.612454 0 0.999975
0.612067 0 0.999975
0.611874 0 0.999975
0.611681 0 0.999975
0.6111 0 0.999975
0.61052 0 0.999976
0.610327 0 0.999976
0.60994 0 0.999976
0.60936 0 0.999976
0.60878 0 0.999976
0.608393 0 0.999976
0.608006 0 0.999977
0.607813 0 0.999977
0.607426 0 0.999977
0.607039 0 0.999977
0.606652 0 0.999977
0.606266 0 0.999977
0.605686 0 0.999977
0.604912 0 0.999978
0.604525 0 0.999978
0.603752 0 0.999978
0.603558 0 0.999978
0.602978 0 0.999978
0.602011 0 0.999978
0.601624 0 0.999979
0.601431 0 0.999979
0.600851 0 0.999979
0.600464 0 0.999979
0.600077 0 0.999979
0.599884 0 0.999979
0.599691 0 0.99998
0.59911 0 0.99998
0.59853 0 0.99998
0.598143 0 0.99998
0.597563 0 0.99998
0.597177 0 0.99998
0.596596 0 0.99998
0.596403 0 0.999981
0.595823 0 0.999981
0.595436 0 0.999981
0.594856 0 0.999981
0.593889 0 0.999981
0.593115 0 0.999981
0.592535 0 0.999981
0.592149 0 0.999982
0.591762 0 0.999982
0.590988 0 0.999982
0.590601 0 0.999982
0.590215 0 0.999982
0.590021 0 0.999982
0.589828 0 0.999982
0.589054 0 0.999983
0.588668 0 0.999983
0.587894 0 0.999983
0.586347 0 0.999983
0.5848 0 0.999983
0.58422 0 0.999983
0.584026 0 0.999983
0.583833 0 0.999984
0.58364 0 0.999984
0.583446 0 0.999984
0.582673 0 0.999984
0.582479 0 0.999984
0.581706 0 0.999984
0.580932 0 0.999984
0.580545 0 0.999985
0.579965 0 0.999985
0.579385 0 0.999985
0.578805 0 0.999985
0.578611 0 0.999985
0.578031 0 0.999985
0.577645 0 0.999985
0.576871 0 0.999985
0.576291 0 0.999986
0.575904 0 0.999986
0.575517 0 0.999986
0.57455 0 0.999986
0.573583 0 0.999986
0.57281 0 0.999986
0.572617 0 0.999987
0.57223 0 0.999987
0.571843 0 0.999987
0.570876 0 0.999987
0.570683 0 0.999987
0.570102 0 0.999987
0.568942 0 0.999987
0.568169 0 0.999987
0.567782 0 0.999987
0.567008 0 0.999988
0.566235 0 0.999988
0.565848 0 0.999988
0.565074 0 0.999988
0.564494 0 0.999988
0.564301 0 0.999988
0.563527 0 0.999988
0.562367 0 0.999988
0.56198 0 0.999989
0.560627 0 0.999989
0.559853 0 0.999989
0.558886 0 0.999989
0.558306 0 0.999989
0.557339 0 0.999989
0.556952 0 0.999989
0.556372 0 0.999989
0.555018 0 0.99999
0.554245 0 0.99999
0.553665 0 0.99999
0.553085 0 0.99999
0.551537 0 0.99999
0.551151 0 0.99999
0.550184 0 0.99999
0.549023 0 0.99999
0.548443 0 0.99999
0.547283 0 0.999991
0.546316 0 0.999991
0.545542 0 0.999991
0.544962 0 0.999991
0.543609 0 0.999991
0.542255 0 0.999991
0.541481 0 0.999991
0.540321 0 0.999991
0.539934 0 0.999992
0.538774 0 0.999992
0.538 0 0.999992
0.537227 0 0.999992
0.535486 0 0.999992
0.533746 0 0.999992
0.533166 0 0.999992
0.532586 0 0.999992
0.530265 0 0.999992
0.528911 0 0.999993
0.526784 0 0.999993
0.525817 0 0.999993
0.525044 0 0.999993
0.523303 0 0.999993
0.522336 0 0.999993
0.520982 0 0.999993
0.519629 0 0.999993
0.518662 0 0.999994
0.517308 0 0.999994
0.515568 0 0.999994
0.51344 0 0.999994
0.51228 0 0.999994
0.51112 0 0.999994
0.510153 0 0.999994
0.508799 0 0.999994
0.506285 0 0.999995
0.503964 0 0.999995
0.502611 0 0.999995
0.50087 0 0.999995
0.499517 0 0.999995
0.497583 0 0.999995
0.496229 0 0.999995
0.493328 0 0.999995
0.491781 0 0.999995
0.489267 0 0.999996
0.486946 0 0.999996
0.485206 0 0.999996
0.483079 0 0.999996
0.481145 0 0.999996
0.479018 0 0.999996
0.477277 0 0.999996
0.475537 0 0.999996
0.472442 0 0.999997
0.469542 0 0.999997
0.466834 0 0.999997
0.46316 0 0.999997
0.459099 0 0.999997
0.454651 0 0.999997
0.45175 0 0.999997
0.448269 0 0.999997
0.444401 0 0.999997
0.440727 0 0.999998
0.436473 0 0.999998
0.430864 0 0.999998
0.426997 0 0.999998
0.422162 0 0.999998
0.418101 0 0.999998
0.412686 0 0.999998
0.407465 0 0.999998
0.40147 0 0.999999
0.393928 0 0.999999
0.384839 0 0.999999
0.374396 0 0.999999
0.364533 0 0.999999
0.35351 0 0.999999
0.342874 0 0.999999
0.32953 0 0.999999
0.311158 0 1
0.292787 0 1
0.271321 0 1
0.236705 0 1
0.174241 0 1
0 0 1.79769e+308
